634.56 276.74 672.89 372.24
466.34 202.98 465.91 315.03
538.52 455.99 560.58 567.89
536.05 333.11 556.66 433.81
478.07 265.12 481.66 373.53
405.9 453.84 399.61 558.69
343.74 438.58 331.31 543.11
828.19 394.76 934.7 497.38
393.0 344.05 387.07 449.65
503.05 301.36 516.67 406.66
503.05 301.36 516.67 406.66
940.92 186.64 1008.71 274.46
277.68 322.73 267.78 429.54
694.08 229.89 744.97 323.74
744.1 199.46 797.63 294.84
688.64 203.12 736.82 297.65
763.87 187.07 831.12 276.41
646.03 180.0 684.76 274.35
902.55 144.3 973.48 233.67
882.71 128.45 954.79 217.43
372.33 376.45 363.36 481.84
316.44 330.42 304.54 438.87
587.03 293.91 621.03 388.65
384.87 291.96 377.62 398.72
164.0 269.19 159.39 376.12
319.29 255.74 324.53 362.15
714.96 243.43 772.3 335.4
573.45 238.28 594.78 337.19
899.68 232.29 981.71 318.15
753.03 222.78 813.45 315.55
960.4 108.86 1013.91 200.59
872.1 99.63 940.3 187.29
893.62 92.24 959.08 183.32
888.77 50.27 947.91 145.18
401.13 487.94 401.1 601.68
409.11 432.51 402.92 538.45
433.74 339.4 433.67 442.41
560.43 311.05 583.23 411.99
383.54 291.2 377.62 398.72
506.49 203.15 507.81 311.55
294.19 177.15 301.08 290.37
415.12 165.58 420.14 278.43
957.9 142.96 1016.6 233.43
957.9 142.96 1016.6 233.43
869.96 63.8 932.86 153.31
869.61 29.89 929.39 125.25
572.59 448.47 602.75 558.75
214.01 376.13 198.69 482.38
83.99 348.47 68.22 457.62
83.99 348.47 68.22 457.62
332.87 345.79 322.46 452.12
352.64 342.53 344.34 447.95
188.85 290.93 183.1 400.54
692.42 266.89 744.35 360.88
692.42 266.89 744.35 360.88
449.05 238.01 452.45 342.86
833.42 235.77 925.63 320.0
398.29 232.99 402.27 339.98
894.61 171.26 969.62 259.72
894.61 171.26 969.62 259.72
904.23 112.59 969.38 203.17
902.87 68.55 962.4 161.96
734.46 68.06 780.95 165.98
854.83 57.6 920.13 147.23
581.59 58.01 602.02 170.45
368.07 470.57 360.12 581.55
173.59 456.02 150.26 567.94
524.28 417.14 542.32 523.63
563.93 381.48 588.27 487.51
184.47 278.01 180.45 387.57
479.48 276.58 478.55 381.5
678.42 257.12 728.86 355.02
678.42 257.12 728.86 355.02
370.24 235.44 372.57 344.24
336.97 215.18 340.38 324.11
581.9 149.57 607.44 250.65
945.28 83.46 996.8 176.12
853.75 83.48 924.71 173.1
832.42 78.95 903.93 168.85
395.65 71.16 408.61 191.91
394.57 501.42 397.08 617.42
434.3 476.94 437.05 587.13
343.4 467.92 331.47 575.82
229.69 452.55 207.9 564.41
675.17 415.21 733.49 519.43
258.68 413.24 241.76 521.17
490.93 380.02 487.11 482.47
562.22 337.17 586.23 437.48
562.38 325.26 585.75 427.26
375.65 324.51 369.63 430.76
94.44 301.8 85.22 408.59
209.92 300.67 201.77 410.78
175.0 293.31 167.44 401.26
94.98 289.1 87.79 397.17
377.08 267.11 378.99 374.8
446.12 246.13 449.46 350.86
737.54 217.25 796.14 310.22
655.29 198.67 697.8 293.89
655.29 198.67 697.8 293.89
790.53 184.13 861.97 272.48
784.32 177.55 854.35 265.3
562.98 171.87 584.42 273.58
562.98 171.87 584.42 273.58
902.31 160.8 973.74 247.27
902.31 160.8 973.74 247.27
911.2 156.58 982.23 243.01
285.28 149.75 293.56 263.83
598.66 129.4 623.56 235.15
360.19 82.35 369.47 203.9
832.76 78.17 904.55 168.09
921.93 65.5 976.86 160.45
378.14 448.95 366.41 556.82
377.87 417.44 367.75 524.48
265.25 405.93 248.92 513.97
384.3 400.5 375.04 506.93
352.85 363.76 341.18 470.13
352.85 363.76 341.18 470.13
159.13 337.58 147.48 445.65
293.49 327.71 282.8 435.42
258.74 305.78 248.21 414.84
200.0 300.23 193.23 409.96
472.48 288.38 468.83 394.04
437.29 284.66 438.22 390.45
174.11 275.68 170.77 385.91
92.87 275.88 87.11 383.38
138.42 264.13 134.82 374.16
276.59 259.46 277.26 366.43
673.81 242.37 722.21 335.51
696.03 241.01 745.83 334.31
446.59 234.41 450.43 340.75
572.08 215.99 595.23 316.49
673.38 194.64 717.09 289.99
295.27 192.84 298.76 302.72
667.37 190.71 710.19 286.53
667.37 190.71 710.19 286.53
914.25 184.23 987.77 270.05
918.08 177.52 990.55 262.71
672.36 177.41 714.71 274.12
106.33 175.54 113.5 288.88
777.82 168.07 846.93 256.37
777.82 168.07 846.93 256.37
918.1 161.06 988.16 247.38
301.64 147.78 309.64 262.1
954.19 132.54 1012.07 223.06
902.57 107.79 967.23 197.95
946.85 106.44 1001.33 196.86
877.15 93.46 943.95 183.23
840.45 87.22 913.35 175.5
448.58 78.08 458.15 198.51
954.12 76.21 1003.39 171.2
587.85 67.93 611.27 177.6
921.21 63.46 975.38 157.35
911.03 58.77 967.38 153.58
544.49 46.89 562.66 164.09
856.54 42.89 920.92 136.62
856.54 42.89 920.92 136.62
562.89 38.97 582.91 153.3
575.38 16.72 595.17 136.02
900.24 14.19 952.61 113.57
237.82 452.89 216.5 563.09
667.97 427.19 725.27 531.96
301.96 426.53 285.57 535.53
354.98 404.31 340.19 510.73
105.71 385.9 85.62 497.09
105.71 385.9 85.62 497.09
594.85 374.25 627.29 475.38
347.6 349.82 335.78 457.02
669.23 333.69 721.0 432.09
349.89 322.7 345.03 428.22
349.89 322.7 345.03 428.22
254.16 321.18 244.18 428.93
292.42 320.13 282.2 427.47
582.01 315.96 609.62 415.38
563.72 316.46 587.33 416.89
335.79 310.73 331.93 417.14
176.71 291.9 171.47 399.71
386.13 266.13 386.97 373.33
137.92 253.71 135.77 363.34
137.92 253.71 135.77 363.34
884.05 250.92 970.16 335.82
672.92 250.91 721.13 347.31
677.89 248.29 726.74 342.74
11.4 237.71 9.61 346.74
727.26 226.51 786.27 316.49
393.14 215.45 396.01 321.47
717.11 205.22 770.93 298.38
313.95 200.7 320.11 312.07
915.78 194.01 989.98 280.07
554.78 189.5 575.0 291.27
662.59 186.31 704.99 282.04
958.1 181.64 1025.49 269.6
358.62 181.66 362.9 293.5
554.06 178.98 574.01 281.87
884.93 178.01 961.98 263.56
666.04 178.14 708.42 275.37
666.04 178.14 708.42 275.37
111.01 170.1 121.31 285.06
584.9 162.27 609.96 264.77
921.52 155.68 988.96 242.32
294.43 156.38 302.72 268.73
294.43 156.38 302.72 268.73
606.96 138.51 636.24 242.96
496.39 131.81 499.08 245.74
252.81 119.06 264.37 235.99
347.27 117.87 356.11 234.95
347.27 117.87 356.11 234.95
839.85 116.44 917.17 202.82
256.21 114.06 268.03 231.47
604.29 101.5 632.13 205.49
604.29 101.5 632.13 205.49
929.98 98.76 988.15 190.13
565.38 88.56 585.37 198.91
935.07 84.72 989.02 178.18
864.54 48.91 929.39 142.0
605.61 31.04 629.81 144.32
894.42 21.09 949.45 118.75
366.36 482.76 358.92 594.68
273.36 467.78 255.34 578.84
273.0 452.18 254.0 562.32
273.0 452.18 254.0 562.32
207.53 440.86 186.02 551.16
207.53 440.86 186.02 551.16
366.57 433.16 353.99 540.58
271.34 430.65 254.72 539.92
274.33 427.14 257.94 535.99
258.75 424.87 242.91 534.74
366.65 424.22 354.68 530.48
405.16 423.73 394.99 530.37
373.36 419.05 362.15 526.65
366.65 415.7 354.94 522.2
362.57 410.06 350.36 515.07
270.03 409.61 252.89 517.67
366.69 409.53 355.02 516.12
462.29 406.84 462.31 510.84
287.04 401.94 271.4 509.09
236.75 401.28 219.04 509.18
667.08 400.71 722.86 502.71
667.08 400.71 722.86 502.71
382.78 398.91 373.81 505.89
375.23 396.54 365.45 503.04
366.37 386.37 356.05 492.52
555.78 386.09 581.0 490.99
362.43 385.7 351.78 491.74
138.57 384.94 119.9 495.57
117.53 382.42 98.23 493.07
963.34 377.93 1143.65 474.73
365.95 374.97 356.26 480.98
286.25 372.53 272.55 480.32
319.39 371.26 307.39 477.68
294.84 369.47 282.11 476.35
215.83 362.25 200.63 470.36
257.71 356.98 244.45 465.16
378.64 349.45 371.49 452.85
378.64 349.45 371.49 452.85
351.96 347.47 340.55 454.39
338.48 342.57 327.8 448.71
338.48 342.57 327.8 448.71
368.89 336.98 363.5 441.72
404.38 333.71 403.98 438.68
576.34 324.88 604.41 424.62
553.71 318.76 576.94 420.11
598.19 313.81 631.07 411.87
258.93 306.74 248.21 414.84
599.03 298.41 631.47 397.3
520.45 294.55 535.97 397.12
601.99 291.69 634.76 390.66
436.6 290.63 439.42 395.14
597.38 288.42 629.48 387.08
411.73 284.45 410.33 390.05
411.73 284.45 410.33 390.05
599.52 277.0 631.79 375.35
384.74 273.58 385.83 379.88
709.99 263.08 765.37 357.18
372.52 261.61 374.69 368.38
727.41 226.13 786.27 316.49
566.34 226.17 589.2 326.71
686.65 223.45 736.09 317.26
344.82 214.49 347.83 323.78
479.29 207.04 483.8 315.26
364.21 206.77 366.83 317.83
915.72 193.94 989.98 280.07
727.12 193.0 783.14 285.42
909.22 187.16 983.24 272.89
667.88 183.41 710.55 279.23
910.17 179.06 983.63 265.32
338.22 172.67 342.87 285.26
577.04 169.12 599.86 273.32
708.72 166.53 750.65 266.04
576.85 158.44 599.33 261.43
353.48 158.15 361.55 273.12
920.92 155.63 988.96 242.32
670.33 151.52 711.82 246.92
481.26 141.55 485.97 254.64
345.33 131.42 354.4 246.56
895.28 126.77 963.3 214.39
411.12 123.05 419.04 237.56
411.64 116.54 419.47 232.01
694.3 108.44 735.68 206.31
450.81 108.68 458.93 224.88
669.7 107.07 708.39 207.14
815.68 104.46 886.18 193.39
554.25 99.74 572.76 211.2
321.51 90.63 332.93 210.84
240.98 87.22 255.94 208.1
521.97 83.8 537.19 198.38
443.14 81.41 452.82 200.98
443.14 81.41 452.82 200.98
854.23 80.92 923.71 170.43
929.86 78.52 985.15 172.06
848.35 78.56 919.07 167.84
834.92 73.96 906.45 163.62
912.88 73.21 969.65 166.45
916.23 67.92 971.54 162.26
481.36 61.11 491.36 182.7
693.15 38.14 730.28 144.68
691.98 30.43 729.0 136.89
859.75 28.72 921.72 124.59
859.75 28.72 921.72 124.59
572.69 11.22 593.72 128.52
401.37 510.0 407.43 627.49
503.52 498.2 525.0 612.45
413.3 493.01 417.79 608.02
420.04 491.01 424.98 603.9
251.83 488.72 235.89 604.87
416.44 481.61 420.9 595.11
350.74 479.9 340.99 591.75
350.74 479.9 340.99 591.75
272.31 463.82 254.31 574.77
272.31 463.82 254.31 574.77
457.48 461.61 456.73 569.29
241.89 450.71 220.75 560.58
234.78 449.34 213.75 559.59
461.68 441.47 461.06 548.32
490.31 437.98 485.13 543.74
230.28 432.3 210.75 542.48
374.96 424.2 364.24 531.27
291.4 423.97 274.22 531.29
282.39 421.76 263.49 529.26
457.1 418.15 455.92 523.38
436.76 417.6 431.95 523.57
366.6 415.93 354.94 522.2
363.02 416.55 350.35 523.13
287.36 410.11 271.44 517.67
261.95 409.47 244.94 517.26
246.66 405.11 229.93 513.57
246.66 405.11 229.93 513.57
419.07 402.12 425.34 508.78
667.33 396.72 722.5 497.59
673.16 394.98 727.24 496.74
658.56 394.62 711.04 496.25
673.77 391.54 728.85 492.99
362.5 391.44 351.58 497.8
137.65 390.97 118.28 501.72
668.07 390.05 722.95 491.13
559.13 389.84 584.39 493.32
717.87 388.91 787.62 488.62
375.39 379.96 365.75 488.03
312.26 379.26 299.34 485.76
269.47 379.07 254.4 486.42
112.28 378.65 93.27 489.56
112.28 378.65 93.27 489.56
369.55 376.45 360.28 483.44
318.69 375.84 306.17 482.37
139.23 375.25 121.51 484.97
361.92 373.71 351.88 480.21
964.29 371.21 1144.24 469.51
238.37 369.7 225.15 477.48
486.09 367.95 481.7 472.0
302.1 368.03 289.57 475.04
112.69 367.96 95.41 478.17
351.68 366.43 339.94 472.51
500.13 366.03 496.2 470.2
482.31 366.11 478.27 469.31
465.91 364.47 519.99 463.67
430.36 362.86 428.79 466.08
499.81 362.1 510.17 464.81
467.73 361.31 521.52 460.12
823.32 357.13 877.76 458.97
687.94 352.28 744.8 449.73
295.32 348.09 285.19 455.03
342.66 345.36 331.6 451.89
342.66 345.36 331.6 451.89
734.47 338.43 802.42 433.93
416.4 336.94 415.49 442.15
731.19 335.69 798.87 430.42
742.83 329.82 811.6 424.18
377.98 325.96 371.88 431.49
555.26 323.56 578.39 424.69
567.35 316.59 591.16 416.98
340.79 311.68 337.38 417.71
595.55 311.06 627.82 409.76
209.79 310.13 200.97 417.49
550.49 307.87 573.15 409.51
576.96 302.38 604.11 401.93
595.05 297.11 627.3 394.94
603.39 286.72 635.99 385.35
600.44 284.45 632.63 382.36
588.6 280.43 617.59 379.77
604.02 277.36 635.59 374.7
697.47 266.28 749.2 359.77
671.48 256.62 718.97 351.06
728.81 253.32 789.68 345.15
682.53 251.46 732.97 345.31
726.02 251.18 785.23 342.62
689.59 248.73 740.3 342.14
548.05 243.48 567.94 344.97
740.43 236.86 801.19 328.21
725.39 222.06 783.65 313.42
728.65 212.37 786.7 304.03
730.52 209.06 789.26 300.32
559.33 203.79 580.13 308.53
722.69 196.22 783.14 285.42
911.42 195.26 986.18 281.5
768.28 194.3 810.26 295.85
642.87 194.22 679.78 290.95
797.58 187.92 871.09 275.53
286.01 178.21 291.93 291.46
480.06 175.88 482.7 286.91
912.86 175.43 984.93 261.62
342.22 172.42 347.02 285.69
549.38 166.19 568.18 271.08
434.98 163.34 441.41 275.35
334.8 162.54 341.09 275.72
303.52 161.28 311.01 273.71
778.7 160.38 845.4 250.23
570.86 145.19 593.6 248.99
842.65 127.94 919.99 214.42
631.55 126.63 664.71 228.16
631.55 126.63 664.71 228.16
586.0 126.5 610.57 230.76
443.6 124.18 450.11 240.66
601.48 109.23 628.38 214.0
635.91 107.82 669.87 210.53
459.0 105.52 465.43 222.63
637.52 104.9 671.02 206.95
423.4 102.7 431.31 220.49
388.47 99.58 398.86 217.82
588.59 95.32 614.03 201.38
433.51 93.16 440.08 211.75
563.94 92.09 584.77 200.46
563.94 92.09 584.77 200.46
380.08 87.08 391.51 206.1
380.08 87.08 391.51 206.1
316.38 86.46 328.88 207.41
325.03 85.56 336.63 206.53
513.5 78.09 528.84 192.34
560.27 52.36 579.59 166.7
900.18 51.6 957.01 147.19
879.71 38.94 939.49 134.7
870.09 33.89 930.5 129.17
895.06 28.07 950.47 125.45
641.52 26.08 672.31 137.17
561.49 17.48 581.59 135.54
694.3 665.12 766.28 823.25
851.81 516.28 983.68 653.08
400.51 509.26 407.43 627.49
736.69 507.39 845.32 636.8
233.6 506.39 217.28 627.34
490.45 503.89 510.84 618.99
377.06 493.49 374.4 606.99
778.58 491.55 878.97 621.59
255.2 489.53 239.95 605.3
359.55 488.16 348.11 597.62
254.92 486.45 239.28 601.56
362.51 485.03 355.67 597.37
353.1 482.49 344.21 593.96
373.34 481.87 368.57 594.1
195.09 479.68 172.84 596.52
942.45 479.22 1060.4 599.14
353.92 477.49 344.8 588.9
462.79 472.33 462.14 580.78
274.83 470.83 257.35 582.92
269.13 465.68 250.22 576.91
370.95 452.24 358.04 559.51
460.34 448.34 460.03 556.07
385.09 448.52 374.61 556.04
911.6 447.45 1025.93 556.06
233.88 446.06 214.23 556.14
847.06 441.73 968.23 554.2
842.86 441.74 964.63 554.06
312.33 439.46 295.73 547.83
236.15 439.23 217.49 549.18
496.19 438.39 491.96 543.67
502.19 437.88 497.25 543.32
850.52 434.56 1016.26 547.17
372.68 428.17 361.41 535.72
794.45 426.9 854.45 531.0
370.23 409.97 359.31 516.32
611.07 409.38 635.7 516.06
249.53 408.27 231.26 516.54
360.6 394.59 348.8 501.55
998.6 387.15 1045.32 493.93
827.36 386.52 861.29 492.64
497.82 381.73 493.95 486.23
353.48 381.5 341.54 488.03
372.1 379.25 363.08 484.95
584.74 378.28 614.46 480.48
136.69 377.66 120.58 488.63
239.09 374.95 250.41 483.88
437.45 374.1 436.52 478.85
493.44 371.66 489.58 476.15
324.23 369.42 311.01 476.17
488.51 365.37 483.64 469.65
361.98 365.52 352.77 471.05
485.91 362.54 482.06 467.02
277.42 361.02 264.71 468.77
785.79 359.32 835.91 461.87
690.96 359.56 749.59 457.61
790.26 358.23 818.3 465.33
271.11 353.26 259.22 460.38
299.9 351.99 288.59 459.49
726.02 349.97 794.73 445.79
815.25 347.92 894.21 444.24
791.46 345.35 879.04 438.48
766.57 339.01 844.38 432.69
418.03 334.04 417.06 439.07
733.65 333.55 801.5 428.16
412.45 333.57 411.41 439.34
574.51 328.03 602.48 428.02
692.96 326.4 748.45 420.6
793.01 325.35 878.2 416.96
588.45 320.85 617.98 420.7
828.53 319.74 924.75 409.18
551.37 315.91 574.67 416.75
405.23 312.27 405.15 419.26
813.19 304.06 904.58 392.68
816.27 300.97 907.32 390.01
447.52 299.9 449.93 404.19
817.49 297.65 907.84 386.65
832.9 295.36 928.51 383.18
851.72 293.79 949.33 381.12
801.88 292.72 887.94 381.54
445.69 288.23 447.44 393.65
835.98 286.95 932.27 373.94
812.88 285.78 901.24 374.05
833.55 282.92 928.72 369.84
823.65 282.0 915.83 368.99
603.36 281.89 635.97 379.09
826.77 279.03 918.39 365.78
824.28 279.1 918.39 365.78
838.35 276.7 934.33 362.89
599.15 273.07 630.98 370.88
834.94 268.49 930.21 354.03
829.32 268.53 921.45 355.14
719.51 257.14 754.57 359.68
674.59 250.06 722.84 345.14
729.3 249.11 789.66 339.65
671.13 246.54 718.42 341.08
622.66 246.37 657.56 343.61
801.89 245.8 884.72 332.52
802.02 245.75 884.72 332.52
883.98 240.09 969.62 325.15
558.09 234.63 577.7 337.39
682.65 233.66 731.81 327.92
845.0 232.44 936.16 317.83
561.94 231.6 583.78 332.24
473.22 218.56 474.67 326.69
342.33 217.23 346.54 326.85
850.96 216.57 938.33 301.16
304.96 213.38 310.1 322.78
834.75 212.54 922.61 297.2
737.79 211.65 797.89 302.26
263.6 209.38 269.26 318.78
749.76 204.85 810.26 295.85
755.11 201.7 814.62 293.37
784.32 190.71 855.21 279.12
830.53 188.87 913.58 274.06
777.85 186.35 846.19 274.38
794.52 183.92 868.2 270.29
657.44 183.97 698.38 280.32
873.57 177.75 952.39 263.2
641.68 176.3 678.41 273.98
108.8 172.58 116.05 285.96
345.54 172.11 349.99 284.59
653.84 171.52 692.88 268.95
336.51 167.12 341.31 279.6
687.61 166.51 732.63 262.69
463.59 166.63 470.12 276.36
670.7 164.32 712.93 260.86
489.55 160.83 493.87 271.78
436.52 161.05 441.91 271.29
657.81 151.35 698.46 248.78
593.13 139.46 617.97 242.89
697.56 136.35 743.2 233.15
752.0 134.5 809.45 227.02
534.6 133.19 552.05 240.8
341.94 116.36 351.03 233.06
346.0 113.67 354.94 230.24
879.5 106.16 947.84 195.65
628.94 105.96 659.96 208.64
637.71 101.86 670.0 204.09
435.04 96.09 442.64 214.39
517.96 84.86 532.64 199.44
827.01 79.5 897.62 169.43
543.24 76.52 562.0 190.6
756.39 63.66 809.42 160.52
836.0 63.18 905.67 153.99
836.23 57.83 905.23 149.49
765.03 56.49 819.24 153.2
636.58 20.58 666.45 132.51
564.69 14.84 584.37 134.14
634.56 276.74 672.89 372.24
466.34 202.98 465.91 315.03
538.52 455.99 560.58 567.89
536.05 333.11 556.66 433.81
478.07 265.12 481.66 373.53
405.9 453.84 399.61 558.69
343.74 438.58 331.31 543.11
828.19 394.76 934.7 497.38
393.0 344.05 387.07 449.65
503.05 301.36 516.67 406.66
503.05 301.36 516.67 406.66
940.92 186.64 1008.71 274.46
277.68 322.73 267.78 429.54
694.08 229.89 744.97 323.74
744.1 199.46 797.63 294.84
688.64 203.12 736.82 297.65
763.87 187.07 831.12 276.41
646.03 180.0 684.76 274.35
902.55 144.3 973.48 233.67
882.71 128.45 954.79 217.43
372.33 376.45 363.36 481.84
316.44 330.42 304.54 438.87
587.03 293.91 621.03 388.65
384.87 291.96 377.62 398.72
164.0 269.19 159.39 376.12
319.29 255.74 324.53 362.15
714.96 243.43 772.3 335.4
573.45 238.28 594.78 337.19
899.68 232.29 981.71 318.15
753.03 222.78 813.45 315.55
960.4 108.86 1013.91 200.59
872.1 99.63 940.3 187.29
893.62 92.24 959.08 183.32
888.77 50.27 947.91 145.18
401.13 487.94 401.1 601.68
409.11 432.51 402.92 538.45
433.74 339.4 433.67 442.41
560.43 311.05 583.23 411.99
383.54 291.2 377.62 398.72
506.49 203.15 507.81 311.55
294.19 177.15 301.08 290.37
415.12 165.58 420.14 278.43
957.9 142.96 1016.6 233.43
957.9 142.96 1016.6 233.43
869.96 63.8 932.86 153.31
869.61 29.89 929.39 125.25
572.59 448.47 602.75 558.75
214.01 376.13 198.69 482.38
83.99 348.47 68.22 457.62
83.99 348.47 68.22 457.62
332.87 345.79 322.46 452.12
352.64 342.53 344.34 447.95
188.85 290.93 183.1 400.54
692.42 266.89 744.35 360.88
692.42 266.89 744.35 360.88
449.05 238.01 452.45 342.86
833.42 235.77 925.63 320.0
398.29 232.99 402.27 339.98
894.61 171.26 969.62 259.72
894.61 171.26 969.62 259.72
904.23 112.59 969.38 203.17
902.87 68.55 962.4 161.96
734.46 68.06 780.95 165.98
854.83 57.6 920.13 147.23
581.59 58.01 602.02 170.45
368.07 470.57 360.12 581.55
173.59 456.02 150.26 567.94
524.28 417.14 542.32 523.63
563.93 381.48 588.27 487.51
184.47 278.01 180.45 387.57
479.48 276.58 478.55 381.5
678.42 257.12 728.86 355.02
678.42 257.12 728.86 355.02
370.24 235.44 372.57 344.24
336.97 215.18 340.38 324.11
581.9 149.57 607.44 250.65
945.28 83.46 996.8 176.12
853.75 83.48 924.71 173.1
832.42 78.95 903.93 168.85
395.65 71.16 408.61 191.91
394.57 501.42 397.08 617.42
434.3 476.94 437.05 587.13
343.4 467.92 331.47 575.82
229.69 452.55 207.9 564.41
675.17 415.21 733.49 519.43
258.68 413.24 241.76 521.17
490.93 380.02 487.11 482.47
562.22 337.17 586.23 437.48
562.38 325.26 585.75 427.26
375.65 324.51 369.63 430.76
94.44 301.8 85.22 408.59
209.92 300.67 201.77 410.78
175.0 293.31 167.44 401.26
94.98 289.1 87.79 397.17
377.08 267.11 378.99 374.8
446.12 246.13 449.46 350.86
737.54 217.25 796.14 310.22
655.29 198.67 697.8 293.89
655.29 198.67 697.8 293.89
790.53 184.13 861.97 272.48
784.32 177.55 854.35 265.3
562.98 171.87 584.42 273.58
562.98 171.87 584.42 273.58
902.31 160.8 973.74 247.27
902.31 160.8 973.74 247.27
911.2 156.58 982.23 243.01
285.28 149.75 293.56 263.83
598.66 129.4 623.56 235.15
360.19 82.35 369.47 203.9
832.76 78.17 904.55 168.09
921.93 65.5 976.86 160.45
378.14 448.95 366.41 556.82
377.87 417.44 367.75 524.48
265.25 405.93 248.92 513.97
384.3 400.5 375.04 506.93
352.85 363.76 341.18 470.13
352.85 363.76 341.18 470.13
159.13 337.58 147.48 445.65
293.49 327.71 282.8 435.42
258.74 305.78 248.21 414.84
200.0 300.23 193.23 409.96
472.48 288.38 468.83 394.04
437.29 284.66 438.22 390.45
174.11 275.68 170.77 385.91
92.87 275.88 87.11 383.38
138.42 264.13 134.82 374.16
276.59 259.46 277.26 366.43
673.81 242.37 722.21 335.51
696.03 241.01 745.83 334.31
446.59 234.41 450.43 340.75
572.08 215.99 595.23 316.49
673.38 194.64 717.09 289.99
295.27 192.84 298.76 302.72
667.37 190.71 710.19 286.53
667.37 190.71 710.19 286.53
914.25 184.23 987.77 270.05
918.08 177.52 990.55 262.71
672.36 177.41 714.71 274.12
106.33 175.54 113.5 288.88
777.82 168.07 846.93 256.37
777.82 168.07 846.93 256.37
918.1 161.06 988.16 247.38
301.64 147.78 309.64 262.1
954.19 132.54 1012.07 223.06
902.57 107.79 967.23 197.95
946.85 106.44 1001.33 196.86
877.15 93.46 943.95 183.23
840.45 87.22 913.35 175.5
448.58 78.08 458.15 198.51
954.12 76.21 1003.39 171.2
587.85 67.93 611.27 177.6
921.21 63.46 975.38 157.35
911.03 58.77 967.38 153.58
544.49 46.89 562.66 164.09
856.54 42.89 920.92 136.62
856.54 42.89 920.92 136.62
562.89 38.97 582.91 153.3
575.38 16.72 595.17 136.02
900.24 14.19 952.61 113.57
237.82 452.89 216.5 563.09
667.97 427.19 725.27 531.96
301.96 426.53 285.57 535.53
354.98 404.31 340.19 510.73
105.71 385.9 85.62 497.09
105.71 385.9 85.62 497.09
594.85 374.25 627.29 475.38
347.6 349.82 335.78 457.02
669.23 333.69 721.0 432.09
349.89 322.7 345.03 428.22
349.89 322.7 345.03 428.22
254.16 321.18 244.18 428.93
292.42 320.13 282.2 427.47
582.01 315.96 609.62 415.38
563.72 316.46 587.33 416.89
335.79 310.73 331.93 417.14
176.71 291.9 171.47 399.71
386.13 266.13 386.97 373.33
137.92 253.71 135.77 363.34
137.92 253.71 135.77 363.34
884.05 250.92 970.16 335.82
672.92 250.91 721.13 347.31
677.89 248.29 726.74 342.74
11.4 237.71 9.61 346.74
727.26 226.51 786.27 316.49
393.14 215.45 396.01 321.47
717.11 205.22 770.93 298.38
313.95 200.7 320.11 312.07
915.78 194.01 989.98 280.07
554.78 189.5 575.0 291.27
662.59 186.31 704.99 282.04
958.1 181.64 1025.49 269.6
358.62 181.66 362.9 293.5
554.06 178.98 574.01 281.87
884.93 178.01 961.98 263.56
666.04 178.14 708.42 275.37
666.04 178.14 708.42 275.37
111.01 170.1 121.31 285.06
584.9 162.27 609.96 264.77
921.52 155.68 988.96 242.32
294.43 156.38 302.72 268.73
294.43 156.38 302.72 268.73
606.96 138.51 636.24 242.96
496.39 131.81 499.08 245.74
252.81 119.06 264.37 235.99
347.27 117.87 356.11 234.95
347.27 117.87 356.11 234.95
839.85 116.44 917.17 202.82
256.21 114.06 268.03 231.47
604.29 101.5 632.13 205.49
604.29 101.5 632.13 205.49
929.98 98.76 988.15 190.13
565.38 88.56 585.37 198.91
935.07 84.72 989.02 178.18
864.54 48.91 929.39 142.0
605.61 31.04 629.81 144.32
894.42 21.09 949.45 118.75
366.36 482.76 358.92 594.68
273.36 467.78 255.34 578.84
273.0 452.18 254.0 562.32
273.0 452.18 254.0 562.32
207.53 440.86 186.02 551.16
207.53 440.86 186.02 551.16
366.57 433.16 353.99 540.58
271.34 430.65 254.72 539.92
274.33 427.14 257.94 535.99
258.75 424.87 242.91 534.74
366.65 424.22 354.68 530.48
405.16 423.73 394.99 530.37
373.36 419.05 362.15 526.65
366.65 415.7 354.94 522.2
362.57 410.06 350.36 515.07
270.03 409.61 252.89 517.67
366.69 409.53 355.02 516.12
462.29 406.84 462.31 510.84
287.04 401.94 271.4 509.09
236.75 401.28 219.04 509.18
667.08 400.71 722.86 502.71
667.08 400.71 722.86 502.71
382.78 398.91 373.81 505.89
375.23 396.54 365.45 503.04
366.37 386.37 356.05 492.52
555.78 386.09 581.0 490.99
362.43 385.7 351.78 491.74
138.57 384.94 119.9 495.57
117.53 382.42 98.23 493.07
963.34 377.93 1143.65 474.73
365.95 374.97 356.26 480.98
286.25 372.53 272.55 480.32
319.39 371.26 307.39 477.68
294.84 369.47 282.11 476.35
215.83 362.25 200.63 470.36
257.71 356.98 244.45 465.16
378.64 349.45 371.49 452.85
378.64 349.45 371.49 452.85
351.96 347.47 340.55 454.39
338.48 342.57 327.8 448.71
338.48 342.57 327.8 448.71
368.89 336.98 363.5 441.72
404.38 333.71 403.98 438.68
576.34 324.88 604.41 424.62
553.71 318.76 576.94 420.11
598.19 313.81 631.07 411.87
258.93 306.74 248.21 414.84
599.03 298.41 631.47 397.3
520.45 294.55 535.97 397.12
601.99 291.69 634.76 390.66
436.6 290.63 439.42 395.14
597.38 288.42 629.48 387.08
411.73 284.45 410.33 390.05
411.73 284.45 410.33 390.05
599.52 277.0 631.79 375.35
384.74 273.58 385.83 379.88
709.99 263.08 765.37 357.18
372.52 261.61 374.69 368.38
727.41 226.13 786.27 316.49
566.34 226.17 589.2 326.71
686.65 223.45 736.09 317.26
344.82 214.49 347.83 323.78
479.29 207.04 483.8 315.26
364.21 206.77 366.83 317.83
915.72 193.94 989.98 280.07
727.12 193.0 783.14 285.42
909.22 187.16 983.24 272.89
667.88 183.41 710.55 279.23
910.17 179.06 983.63 265.32
338.22 172.67 342.87 285.26
577.04 169.12 599.86 273.32
708.72 166.53 750.65 266.04
576.85 158.44 599.33 261.43
353.48 158.15 361.55 273.12
920.92 155.63 988.96 242.32
670.33 151.52 711.82 246.92
481.26 141.55 485.97 254.64
345.33 131.42 354.4 246.56
895.28 126.77 963.3 214.39
411.12 123.05 419.04 237.56
411.64 116.54 419.47 232.01
694.3 108.44 735.68 206.31
450.81 108.68 458.93 224.88
669.7 107.07 708.39 207.14
815.68 104.46 886.18 193.39
554.25 99.74 572.76 211.2
321.51 90.63 332.93 210.84
240.98 87.22 255.94 208.1
521.97 83.8 537.19 198.38
443.14 81.41 452.82 200.98
443.14 81.41 452.82 200.98
854.23 80.92 923.71 170.43
929.86 78.52 985.15 172.06
848.35 78.56 919.07 167.84
834.92 73.96 906.45 163.62
912.88 73.21 969.65 166.45
916.23 67.92 971.54 162.26
481.36 61.11 491.36 182.7
693.15 38.14 730.28 144.68
691.98 30.43 729.0 136.89
859.75 28.72 921.72 124.59
859.75 28.72 921.72 124.59
572.69 11.22 593.72 128.52
401.37 510.0 407.43 627.49
503.52 498.2 525.0 612.45
413.3 493.01 417.79 608.02
420.04 491.01 424.98 603.9
251.83 488.72 235.89 604.87
416.44 481.61 420.9 595.11
350.74 479.9 340.99 591.75
350.74 479.9 340.99 591.75
272.31 463.82 254.31 574.77
272.31 463.82 254.31 574.77
457.48 461.61 456.73 569.29
241.89 450.71 220.75 560.58
234.78 449.34 213.75 559.59
461.68 441.47 461.06 548.32
490.31 437.98 485.13 543.74
230.28 432.3 210.75 542.48
374.96 424.2 364.24 531.27
291.4 423.97 274.22 531.29
282.39 421.76 263.49 529.26
457.1 418.15 455.92 523.38
436.76 417.6 431.95 523.57
366.6 415.93 354.94 522.2
363.02 416.55 350.35 523.13
287.36 410.11 271.44 517.67
261.95 409.47 244.94 517.26
246.66 405.11 229.93 513.57
246.66 405.11 229.93 513.57
419.07 402.12 425.34 508.78
667.33 396.72 722.5 497.59
673.16 394.98 727.24 496.74
658.56 394.62 711.04 496.25
673.77 391.54 728.85 492.99
362.5 391.44 351.58 497.8
137.65 390.97 118.28 501.72
668.07 390.05 722.95 491.13
559.13 389.84 584.39 493.32
717.87 388.91 787.62 488.62
375.39 379.96 365.75 488.03
312.26 379.26 299.34 485.76
269.47 379.07 254.4 486.42
112.28 378.65 93.27 489.56
112.28 378.65 93.27 489.56
369.55 376.45 360.28 483.44
318.69 375.84 306.17 482.37
139.23 375.25 121.51 484.97
361.92 373.71 351.88 480.21
964.29 371.21 1144.24 469.51
238.37 369.7 225.15 477.48
486.09 367.95 481.7 472.0
302.1 368.03 289.57 475.04
112.69 367.96 95.41 478.17
351.68 366.43 339.94 472.51
500.13 366.03 496.2 470.2
482.31 366.11 478.27 469.31
465.91 364.47 519.99 463.67
430.36 362.86 428.79 466.08
499.81 362.1 510.17 464.81
467.73 361.31 521.52 460.12
823.32 357.13 877.76 458.97
687.94 352.28 744.8 449.73
295.32 348.09 285.19 455.03
342.66 345.36 331.6 451.89
342.66 345.36 331.6 451.89
734.47 338.43 802.42 433.93
416.4 336.94 415.49 442.15
731.19 335.69 798.87 430.42
742.83 329.82 811.6 424.18
377.98 325.96 371.88 431.49
555.26 323.56 578.39 424.69
567.35 316.59 591.16 416.98
340.79 311.68 337.38 417.71
595.55 311.06 627.82 409.76
209.79 310.13 200.97 417.49
550.49 307.87 573.15 409.51
576.96 302.38 604.11 401.93
595.05 297.11 627.3 394.94
603.39 286.72 635.99 385.35
600.44 284.45 632.63 382.36
588.6 280.43 617.59 379.77
604.02 277.36 635.59 374.7
697.47 266.28 749.2 359.77
671.48 256.62 718.97 351.06
728.81 253.32 789.68 345.15
682.53 251.46 732.97 345.31
726.02 251.18 785.23 342.62
689.59 248.73 740.3 342.14
548.05 243.48 567.94 344.97
740.43 236.86 801.19 328.21
725.39 222.06 783.65 313.42
728.65 212.37 786.7 304.03
730.52 209.06 789.26 300.32
559.33 203.79 580.13 308.53
722.69 196.22 783.14 285.42
911.42 195.26 986.18 281.5
768.28 194.3 810.26 295.85
642.87 194.22 679.78 290.95
797.58 187.92 871.09 275.53
286.01 178.21 291.93 291.46
480.06 175.88 482.7 286.91
912.86 175.43 984.93 261.62
342.22 172.42 347.02 285.69
549.38 166.19 568.18 271.08
434.98 163.34 441.41 275.35
334.8 162.54 341.09 275.72
303.52 161.28 311.01 273.71
778.7 160.38 845.4 250.23
570.86 145.19 593.6 248.99
842.65 127.94 919.99 214.42
631.55 126.63 664.71 228.16
631.55 126.63 664.71 228.16
586.0 126.5 610.57 230.76
443.6 124.18 450.11 240.66
601.48 109.23 628.38 214.0
635.91 107.82 669.87 210.53
459.0 105.52 465.43 222.63
637.52 104.9 671.02 206.95
423.4 102.7 431.31 220.49
388.47 99.58 398.86 217.82
588.59 95.32 614.03 201.38
433.51 93.16 440.08 211.75
563.94 92.09 584.77 200.46
563.94 92.09 584.77 200.46
380.08 87.08 391.51 206.1
380.08 87.08 391.51 206.1
316.38 86.46 328.88 207.41
325.03 85.56 336.63 206.53
513.5 78.09 528.84 192.34
560.27 52.36 579.59 166.7
900.18 51.6 957.01 147.19
879.71 38.94 939.49 134.7
870.09 33.89 930.5 129.17
895.06 28.07 950.47 125.45
641.52 26.08 672.31 137.17
561.49 17.48 581.59 135.54
694.3 665.12 766.28 823.25
851.81 516.28 983.68 653.08
400.51 509.26 407.43 627.49
736.69 507.39 845.32 636.8
233.6 506.39 217.28 627.34
490.45 503.89 510.84 618.99
377.06 493.49 374.4 606.99
778.58 491.55 878.97 621.59
255.2 489.53 239.95 605.3
359.55 488.16 348.11 597.62
254.92 486.45 239.28 601.56
362.51 485.03 355.67 597.37
353.1 482.49 344.21 593.96
373.34 481.87 368.57 594.1
195.09 479.68 172.84 596.52
942.45 479.22 1060.4 599.14
353.92 477.49 344.8 588.9
462.79 472.33 462.14 580.78
274.83 470.83 257.35 582.92
269.13 465.68 250.22 576.91
370.95 452.24 358.04 559.51
460.34 448.34 460.03 556.07
385.09 448.52 374.61 556.04
911.6 447.45 1025.93 556.06
233.88 446.06 214.23 556.14
847.06 441.73 968.23 554.2
842.86 441.74 964.63 554.06
312.33 439.46 295.73 547.83
236.15 439.23 217.49 549.18
496.19 438.39 491.96 543.67
502.19 437.88 497.25 543.32
850.52 434.56 1016.26 547.17
372.68 428.17 361.41 535.72
794.45 426.9 854.45 531.0
370.23 409.97 359.31 516.32
611.07 409.38 635.7 516.06
249.53 408.27 231.26 516.54
360.6 394.59 348.8 501.55
998.6 387.15 1045.32 493.93
827.36 386.52 861.29 492.64
497.82 381.73 493.95 486.23
353.48 381.5 341.54 488.03
372.1 379.25 363.08 484.95
584.74 378.28 614.46 480.48
136.69 377.66 120.58 488.63
239.09 374.95 250.41 483.88
437.45 374.1 436.52 478.85
493.44 371.66 489.58 476.15
324.23 369.42 311.01 476.17
488.51 365.37 483.64 469.65
361.98 365.52 352.77 471.05
485.91 362.54 482.06 467.02
277.42 361.02 264.71 468.77
785.79 359.32 835.91 461.87
690.96 359.56 749.59 457.61
790.26 358.23 818.3 465.33
271.11 353.26 259.22 460.38
299.9 351.99 288.59 459.49
726.02 349.97 794.73 445.79
815.25 347.92 894.21 444.24
791.46 345.35 879.04 438.48
766.57 339.01 844.38 432.69
418.03 334.04 417.06 439.07
733.65 333.55 801.5 428.16
412.45 333.57 411.41 439.34
574.51 328.03 602.48 428.02
692.96 326.4 748.45 420.6
793.01 325.35 878.2 416.96
588.45 320.85 617.98 420.7
828.53 319.74 924.75 409.18
551.37 315.91 574.67 416.75
405.23 312.27 405.15 419.26
813.19 304.06 904.58 392.68
816.27 300.97 907.32 390.01
447.52 299.9 449.93 404.19
817.49 297.65 907.84 386.65
832.9 295.36 928.51 383.18
851.72 293.79 949.33 381.12
801.88 292.72 887.94 381.54
445.69 288.23 447.44 393.65
835.98 286.95 932.27 373.94
812.88 285.78 901.24 374.05
833.55 282.92 928.72 369.84
823.65 282.0 915.83 368.99
603.36 281.89 635.97 379.09
826.77 279.03 918.39 365.78
824.28 279.1 918.39 365.78
838.35 276.7 934.33 362.89
599.15 273.07 630.98 370.88
834.94 268.49 930.21 354.03
829.32 268.53 921.45 355.14
719.51 257.14 754.57 359.68
674.59 250.06 722.84 345.14
729.3 249.11 789.66 339.65
671.13 246.54 718.42 341.08
622.66 246.37 657.56 343.61
801.89 245.8 884.72 332.52
802.02 245.75 884.72 332.52
883.98 240.09 969.62 325.15
558.09 234.63 577.7 337.39
682.65 233.66 731.81 327.92
845.0 232.44 936.16 317.83
561.94 231.6 583.78 332.24
473.22 218.56 474.67 326.69
342.33 217.23 346.54 326.85
850.96 216.57 938.33 301.16
304.96 213.38 310.1 322.78
834.75 212.54 922.61 297.2
737.79 211.65 797.89 302.26
263.6 209.38 269.26 318.78
749.76 204.85 810.26 295.85
755.11 201.7 814.62 293.37
784.32 190.71 855.21 279.12
830.53 188.87 913.58 274.06
777.85 186.35 846.19 274.38
794.52 183.92 868.2 270.29
657.44 183.97 698.38 280.32
873.57 177.75 952.39 263.2
641.68 176.3 678.41 273.98
108.8 172.58 116.05 285.96
345.54 172.11 349.99 284.59
653.84 171.52 692.88 268.95
336.51 167.12 341.31 279.6
687.61 166.51 732.63 262.69
463.59 166.63 470.12 276.36
670.7 164.32 712.93 260.86
489.55 160.83 493.87 271.78
436.52 161.05 441.91 271.29
657.81 151.35 698.46 248.78
593.13 139.46 617.97 242.89
697.56 136.35 743.2 233.15
752.0 134.5 809.45 227.02
534.6 133.19 552.05 240.8
341.94 116.36 351.03 233.06
346.0 113.67 354.94 230.24
879.5 106.16 947.84 195.65
628.94 105.96 659.96 208.64
637.71 101.86 670.0 204.09
435.04 96.09 442.64 214.39
517.96 84.86 532.64 199.44
827.01 79.5 897.62 169.43
543.24 76.52 562.0 190.6
756.39 63.66 809.42 160.52
836.0 63.18 905.67 153.99
836.23 57.83 905.23 149.49
765.03 56.49 819.24 153.2
636.58 20.58 666.45 132.51
564.69 14.84 584.37 134.14
634.56 276.74 672.89 372.24
466.34 202.98 465.91 315.03
538.52 455.99 560.58 567.89
536.05 333.11 556.66 433.81
478.07 265.12 481.66 373.53
405.9 453.84 399.61 558.69
343.74 438.58 331.31 543.11
828.19 394.76 934.7 497.38
393.0 344.05 387.07 449.65
503.05 301.36 516.67 406.66
503.05 301.36 516.67 406.66
940.92 186.64 1008.71 274.46
277.68 322.73 267.78 429.54
694.08 229.89 744.97 323.74
744.1 199.46 797.63 294.84
688.64 203.12 736.82 297.65
763.87 187.07 831.12 276.41
646.03 180.0 684.76 274.35
902.55 144.3 973.48 233.67
882.71 128.45 954.79 217.43
372.33 376.45 363.36 481.84
316.44 330.42 304.54 438.87
587.03 293.91 621.03 388.65
384.87 291.96 377.62 398.72
164.0 269.19 159.39 376.12
319.29 255.74 324.53 362.15
714.96 243.43 772.3 335.4
573.45 238.28 594.78 337.19
899.68 232.29 981.71 318.15
753.03 222.78 813.45 315.55
960.4 108.86 1013.91 200.59
872.1 99.63 940.3 187.29
893.62 92.24 959.08 183.32
888.77 50.27 947.91 145.18
401.13 487.94 401.1 601.68
409.11 432.51 402.92 538.45
433.74 339.4 433.67 442.41
560.43 311.05 583.23 411.99
383.54 291.2 377.62 398.72
506.49 203.15 507.81 311.55
294.19 177.15 301.08 290.37
415.12 165.58 420.14 278.43
957.9 142.96 1016.6 233.43
957.9 142.96 1016.6 233.43
869.96 63.8 932.86 153.31
869.61 29.89 929.39 125.25
572.59 448.47 602.75 558.75
214.01 376.13 198.69 482.38
83.99 348.47 68.22 457.62
83.99 348.47 68.22 457.62
332.87 345.79 322.46 452.12
352.64 342.53 344.34 447.95
188.85 290.93 183.1 400.54
692.42 266.89 744.35 360.88
692.42 266.89 744.35 360.88
449.05 238.01 452.45 342.86
833.42 235.77 925.63 320.0
398.29 232.99 402.27 339.98
894.61 171.26 969.62 259.72
894.61 171.26 969.62 259.72
904.23 112.59 969.38 203.17
902.87 68.55 962.4 161.96
734.46 68.06 780.95 165.98
854.83 57.6 920.13 147.23
581.59 58.01 602.02 170.45
368.07 470.57 360.12 581.55
173.59 456.02 150.26 567.94
524.28 417.14 542.32 523.63
563.93 381.48 588.27 487.51
184.47 278.01 180.45 387.57
479.48 276.58 478.55 381.5
678.42 257.12 728.86 355.02
678.42 257.12 728.86 355.02
370.24 235.44 372.57 344.24
336.97 215.18 340.38 324.11
581.9 149.57 607.44 250.65
945.28 83.46 996.8 176.12
853.75 83.48 924.71 173.1
832.42 78.95 903.93 168.85
395.65 71.16 408.61 191.91
394.57 501.42 397.08 617.42
434.3 476.94 437.05 587.13
343.4 467.92 331.47 575.82
229.69 452.55 207.9 564.41
675.17 415.21 733.49 519.43
258.68 413.24 241.76 521.17
490.93 380.02 487.11 482.47
562.22 337.17 586.23 437.48
562.38 325.26 585.75 427.26
375.65 324.51 369.63 430.76
94.44 301.8 85.22 408.59
209.92 300.67 201.77 410.78
175.0 293.31 167.44 401.26
94.98 289.1 87.79 397.17
377.08 267.11 378.99 374.8
446.12 246.13 449.46 350.86
737.54 217.25 796.14 310.22
655.29 198.67 697.8 293.89
655.29 198.67 697.8 293.89
790.53 184.13 861.97 272.48
784.32 177.55 854.35 265.3
562.98 171.87 584.42 273.58
562.98 171.87 584.42 273.58
902.31 160.8 973.74 247.27
902.31 160.8 973.74 247.27
911.2 156.58 982.23 243.01
285.28 149.75 293.56 263.83
598.66 129.4 623.56 235.15
360.19 82.35 369.47 203.9
832.76 78.17 904.55 168.09
921.93 65.5 976.86 160.45
378.14 448.95 366.41 556.82
377.87 417.44 367.75 524.48
265.25 405.93 248.92 513.97
384.3 400.5 375.04 506.93
352.85 363.76 341.18 470.13
352.85 363.76 341.18 470.13
159.13 337.58 147.48 445.65
293.49 327.71 282.8 435.42
258.74 305.78 248.21 414.84
200.0 300.23 193.23 409.96
472.48 288.38 468.83 394.04
437.29 284.66 438.22 390.45
174.11 275.68 170.77 385.91
92.87 275.88 87.11 383.38
138.42 264.13 134.82 374.16
276.59 259.46 277.26 366.43
673.81 242.37 722.21 335.51
696.03 241.01 745.83 334.31
446.59 234.41 450.43 340.75
572.08 215.99 595.23 316.49
25.97 205.92 29.51 315.82
673.38 194.64 717.09 289.99
295.27 192.84 298.76 302.72
667.37 190.71 710.19 286.53
667.37 190.71 710.19 286.53
914.25 184.23 987.77 270.05
918.08 177.52 990.55 262.71
672.36 177.41 714.71 274.12
106.33 175.54 113.5 288.88
777.82 168.07 846.93 256.37
777.82 168.07 846.93 256.37
918.1 161.06 988.16 247.38
301.64 147.78 309.64 262.1
954.19 132.54 1012.07 223.06
902.57 107.79 967.23 197.95
946.85 106.44 1001.33 196.86
877.15 93.46 943.95 183.23
840.45 87.22 913.35 175.5
448.58 78.08 458.15 198.51
587.85 67.93 611.27 177.6
921.21 63.46 975.38 157.35
911.03 58.77 967.38 153.58
544.49 46.89 562.66 164.09
856.54 42.89 920.92 136.62
856.54 42.89 920.92 136.62
562.89 38.97 582.91 153.3
575.38 16.72 595.17 136.02
900.24 14.19 952.61 113.57
237.82 452.89 216.5 563.09
667.97 427.19 725.27 531.96
301.96 426.53 285.57 535.53
354.98 404.31 340.19 510.73
105.71 385.9 85.62 497.09
105.71 385.9 85.62 497.09
594.85 374.25 627.29 475.38
347.6 349.82 335.78 457.02
669.23 333.69 721.0 432.09
349.89 322.7 345.03 428.22
349.89 322.7 345.03 428.22
254.16 321.18 244.18 428.93
292.42 320.13 282.2 427.47
582.01 315.96 609.62 415.38
563.72 316.46 587.33 416.89
335.79 310.73 331.93 417.14
176.71 291.9 171.47 399.71
386.13 266.13 386.97 373.33
137.92 253.71 135.77 363.34
137.92 253.71 135.77 363.34
884.05 250.92 970.16 335.82
672.92 250.91 721.13 347.31
677.89 248.29 726.74 342.74
11.4 237.71 9.61 346.74
727.26 226.51 786.27 316.49
393.14 215.45 396.01 321.47
717.11 205.22 770.93 298.38
313.95 200.7 320.11 312.07
915.78 194.01 989.98 280.07
554.78 189.5 575.0 291.27
662.59 186.31 704.99 282.04
958.1 181.64 1025.49 269.6
358.62 181.66 362.9 293.5
554.06 178.98 574.01 281.87
884.93 178.01 961.98 263.56
666.04 178.14 708.42 275.37
666.04 178.14 708.42 275.37
111.01 170.1 121.31 285.06
584.9 162.27 609.96 264.77
921.52 155.68 988.96 242.32
294.43 156.38 302.72 268.73
294.43 156.38 302.72 268.73
606.96 138.51 636.24 242.96
496.39 131.81 499.08 245.74
252.81 119.06 264.37 235.99
347.27 117.87 356.11 234.95
347.27 117.87 356.11 234.95
839.85 116.44 917.17 202.82
256.21 114.06 268.03 231.47
604.29 101.5 632.13 205.49
604.29 101.5 632.13 205.49
929.98 98.76 988.15 190.13
565.38 88.56 585.37 198.91
935.07 84.72 989.02 178.18
864.54 48.91 929.39 142.0
605.61 31.04 629.81 144.32
894.42 21.09 949.45 118.75
366.36 482.76 358.92 594.68
273.36 467.78 255.34 578.84
273.0 452.18 254.0 562.32
273.0 452.18 254.0 562.32
207.53 440.86 186.02 551.16
207.53 440.86 186.02 551.16
366.57 433.16 353.99 540.58
271.34 430.65 254.72 539.92
274.33 427.14 257.94 535.99
258.75 424.87 242.91 534.74
366.65 424.22 354.68 530.48
405.16 423.73 394.99 530.37
373.36 419.05 362.15 526.65
366.65 415.7 354.94 522.2
362.57 410.06 350.36 515.07
270.03 409.61 252.89 517.67
366.69 409.53 355.02 516.12
462.29 406.84 462.31 510.84
287.04 401.94 271.4 509.09
236.75 401.28 219.04 509.18
667.08 400.71 722.86 502.71
667.08 400.71 722.86 502.71
382.78 398.91 373.81 505.89
375.23 396.54 365.45 503.04
366.37 386.37 356.05 492.52
555.78 386.09 581.0 490.99
362.43 385.7 351.78 491.74
138.57 384.94 119.9 495.57
117.53 382.42 98.23 493.07
963.34 377.93 1143.65 474.73
365.95 374.97 356.26 480.98
286.25 372.53 272.55 480.32
319.39 371.26 307.39 477.68
294.84 369.47 282.11 476.35
215.83 362.25 200.63 470.36
257.71 356.98 244.45 465.16
378.64 349.45 371.49 452.85
378.64 349.45 371.49 452.85
351.96 347.47 340.55 454.39
338.48 342.57 327.8 448.71
338.48 342.57 327.8 448.71
368.89 336.98 363.5 441.72
404.38 333.71 403.98 438.68
576.34 324.88 604.41 424.62
553.71 318.76 576.94 420.11
598.19 313.81 631.07 411.87
258.93 306.74 248.21 414.84
599.03 298.41 631.47 397.3
520.45 294.55 535.97 397.12
601.99 291.69 634.76 390.66
436.6 290.63 439.42 395.14
597.38 288.42 629.48 387.08
411.73 284.45 410.33 390.05
411.73 284.45 410.33 390.05
599.52 277.0 631.79 375.35
384.74 273.58 385.83 379.88
709.99 263.08 765.37 357.18
372.52 261.61 374.69 368.38
727.41 226.13 786.27 316.49
566.34 226.17 589.2 326.71
686.65 223.45 736.09 317.26
344.82 214.49 347.83 323.78
479.29 207.04 483.8 315.26
364.21 206.77 366.83 317.83
915.72 193.94 989.98 280.07
727.12 193.0 783.14 285.42
909.22 187.16 983.24 272.89
667.88 183.41 710.55 279.23
910.17 179.06 983.63 265.32
338.22 172.67 342.87 285.26
577.04 169.12 599.86 273.32
708.72 166.53 750.65 266.04
576.85 158.44 599.33 261.43
353.48 158.15 361.55 273.12
920.92 155.63 988.96 242.32
670.33 151.52 711.82 246.92
481.26 141.55 485.97 254.64
345.33 131.42 354.4 246.56
895.28 126.77 963.3 214.39
411.12 123.05 419.04 237.56
411.64 116.54 419.47 232.01
694.3 108.44 735.68 206.31
450.81 108.68 458.93 224.88
669.7 107.07 708.39 207.14
815.68 104.46 886.18 193.39
554.25 99.74 572.76 211.2
321.51 90.63 332.93 210.84
240.98 87.22 255.94 208.1
521.97 83.8 537.19 198.38
443.14 81.41 452.82 200.98
443.14 81.41 452.82 200.98
854.23 80.92 923.71 170.43
929.86 78.52 985.15 172.06
848.35 78.56 919.07 167.84
834.92 73.96 906.45 163.62
912.88 73.21 969.65 166.45
916.23 67.92 971.54 162.26
481.36 61.11 491.36 182.7
693.15 38.14 730.28 144.68
691.98 30.43 729.0 136.89
859.75 28.72 921.72 124.59
859.75 28.72 921.72 124.59
572.69 11.22 593.72 128.52
401.37 510.0 407.43 627.49
503.52 498.2 525.0 612.45
413.3 493.01 417.79 608.02
420.04 491.01 424.98 603.9
251.83 488.72 235.89 604.87
416.44 481.61 420.9 595.11
350.74 479.9 340.99 591.75
350.74 479.9 340.99 591.75
272.31 463.82 254.31 574.77
272.31 463.82 254.31 574.77
457.48 461.61 456.73 569.29
241.89 450.71 220.75 560.58
234.78 449.34 213.75 559.59
461.68 441.47 461.06 548.32
490.31 437.98 485.13 543.74
230.28 432.3 210.75 542.48
374.96 424.2 364.24 531.27
291.4 423.97 274.22 531.29
282.39 421.76 263.49 529.26
457.1 418.15 455.92 523.38
436.76 417.6 431.95 523.57
366.6 415.93 354.94 522.2
363.02 416.55 350.35 523.13
287.36 410.11 271.44 517.67
261.95 409.47 244.94 517.26
246.66 405.11 229.93 513.57
246.66 405.11 229.93 513.57
419.07 402.12 425.34 508.78
667.33 396.72 722.5 497.59
673.16 394.98 727.24 496.74
658.56 394.62 711.04 496.25
673.77 391.54 728.85 492.99
362.5 391.44 351.58 497.8
137.65 390.97 118.28 501.72
668.07 390.05 722.95 491.13
559.13 389.84 584.39 493.32
717.87 388.91 787.62 488.62
375.39 379.96 365.75 488.03
312.26 379.26 299.34 485.76
269.47 379.07 254.4 486.42
112.28 378.65 93.27 489.56
112.28 378.65 93.27 489.56
369.55 376.45 360.28 483.44
318.69 375.84 306.17 482.37
139.23 375.25 121.51 484.97
361.92 373.71 351.88 480.21
964.29 371.21 1144.24 469.51
238.37 369.7 225.15 477.48
486.09 367.95 481.7 472.0
302.1 368.03 289.57 475.04
112.69 367.96 95.41 478.17
351.68 366.43 339.94 472.51
500.13 366.03 496.2 470.2
482.31 366.11 478.27 469.31
465.91 364.47 519.99 463.67
430.36 362.86 428.79 466.08
499.81 362.1 510.17 464.81
467.73 361.31 521.52 460.12
823.32 357.13 877.76 458.97
687.94 352.28 744.8 449.73
295.32 348.09 285.19 455.03
342.66 345.36 331.6 451.89
342.66 345.36 331.6 451.89
734.47 338.43 802.42 433.93
416.4 336.94 415.49 442.15
731.19 335.69 798.87 430.42
742.83 329.82 811.6 424.18
377.98 325.96 371.88 431.49
555.26 323.56 578.39 424.69
567.35 316.59 591.16 416.98
340.79 311.68 337.38 417.71
595.55 311.06 627.82 409.76
209.79 310.13 200.97 417.49
550.49 307.87 573.15 409.51
576.96 302.38 604.11 401.93
595.05 297.11 627.3 394.94
603.39 286.72 635.99 385.35
600.44 284.45 632.63 382.36
588.6 280.43 617.59 379.77
604.02 277.36 635.59 374.7
697.47 266.28 749.2 359.77
671.48 256.62 718.97 351.06
728.81 253.32 789.68 345.15
682.53 251.46 732.97 345.31
726.02 251.18 785.23 342.62
689.59 248.73 740.3 342.14
548.05 243.48 567.94 344.97
740.43 236.86 801.19 328.21
725.39 222.06 783.65 313.42
728.65 212.37 786.7 304.03
730.52 209.06 789.26 300.32
559.33 203.79 580.13 308.53
722.69 196.22 783.14 285.42
911.42 195.26 986.18 281.5
768.28 194.3 810.26 295.85
642.87 194.22 679.78 290.95
797.58 187.92 871.09 275.53
286.01 178.21 291.93 291.46
480.06 175.88 482.7 286.91
912.86 175.43 984.93 261.62
342.22 172.42 347.02 285.69
549.38 166.19 568.18 271.08
434.98 163.34 441.41 275.35
334.8 162.54 341.09 275.72
303.52 161.28 311.01 273.71
778.7 160.38 845.4 250.23
570.86 145.19 593.6 248.99
842.65 127.94 919.99 214.42
631.55 126.63 664.71 228.16
631.55 126.63 664.71 228.16
586.0 126.5 610.57 230.76
443.6 124.18 450.11 240.66
601.48 109.23 628.38 214.0
635.91 107.82 669.87 210.53
459.0 105.52 465.43 222.63
637.52 104.9 671.02 206.95
423.4 102.7 431.31 220.49
388.47 99.58 398.86 217.82
588.59 95.32 614.03 201.38
433.51 93.16 440.08 211.75
563.94 92.09 584.77 200.46
563.94 92.09 584.77 200.46
380.08 87.08 391.51 206.1
380.08 87.08 391.51 206.1
316.38 86.46 328.88 207.41
325.03 85.56 336.63 206.53
513.5 78.09 528.84 192.34
560.27 52.36 579.59 166.7
900.18 51.6 957.01 147.19
879.71 38.94 939.49 134.7
870.09 33.89 930.5 129.17
895.06 28.07 950.47 125.45
641.52 26.08 672.31 137.17
561.49 17.48 581.59 135.54
694.3 665.12 766.28 823.25
851.81 516.28 983.68 653.08
400.51 509.26 407.43 627.49
736.69 507.39 845.32 636.8
233.6 506.39 217.28 627.34
490.45 503.89 510.84 618.99
377.06 493.49 374.4 606.99
778.58 491.55 878.97 621.59
255.2 489.53 239.95 605.3
359.55 488.16 348.11 597.62
254.92 486.45 239.28 601.56
362.51 485.03 355.67 597.37
353.1 482.49 344.21 593.96
373.34 481.87 368.57 594.1
195.09 479.68 172.84 596.52
942.45 479.22 1060.4 599.14
353.92 477.49 344.8 588.9
462.79 472.33 462.14 580.78
274.83 470.83 257.35 582.92
269.13 465.68 250.22 576.91
370.95 452.24 358.04 559.51
460.34 448.34 460.03 556.07
385.09 448.52 374.61 556.04
911.6 447.45 1025.93 556.06
233.88 446.06 214.23 556.14
847.06 441.73 968.23 554.2
842.86 441.74 964.63 554.06
312.33 439.46 295.73 547.83
236.15 439.23 217.49 549.18
496.19 438.39 491.96 543.67
502.19 437.88 497.25 543.32
850.52 434.56 1016.26 547.17
372.68 428.17 361.41 535.72
794.45 426.9 854.45 531.0
370.23 409.97 359.31 516.32
611.07 409.38 635.7 516.06
249.53 408.27 231.26 516.54
360.6 394.59 348.8 501.55
998.6 387.15 1045.32 493.93
827.36 386.52 861.29 492.64
497.82 381.73 493.95 486.23
353.48 381.5 341.54 488.03
372.1 379.25 363.08 484.95
584.74 378.28 614.46 480.48
136.69 377.66 120.58 488.63
239.09 374.95 250.41 483.88
437.45 374.1 436.52 478.85
493.44 371.66 489.58 476.15
324.23 369.42 311.01 476.17
488.51 365.37 483.64 469.65
361.98 365.52 352.77 471.05
485.91 362.54 482.06 467.02
277.42 361.02 264.71 468.77
785.79 359.32 835.91 461.87
690.96 359.56 749.59 457.61
790.26 358.23 818.3 465.33
271.11 353.26 259.22 460.38
299.9 351.99 288.59 459.49
726.02 349.97 794.73 445.79
815.25 347.92 894.21 444.24
791.46 345.35 879.04 438.48
766.57 339.01 844.38 432.69
418.03 334.04 417.06 439.07
733.65 333.55 801.5 428.16
412.45 333.57 411.41 439.34
574.51 328.03 602.48 428.02
692.96 326.4 748.45 420.6
793.01 325.35 878.2 416.96
588.45 320.85 617.98 420.7
828.53 319.74 924.75 409.18
551.37 315.91 574.67 416.75
405.23 312.27 405.15 419.26
813.19 304.06 904.58 392.68
816.27 300.97 907.32 390.01
447.52 299.9 449.93 404.19
817.49 297.65 907.84 386.65
832.9 295.36 928.51 383.18
851.72 293.79 949.33 381.12
801.88 292.72 887.94 381.54
445.69 288.23 447.44 393.65
835.98 286.95 932.27 373.94
812.88 285.78 901.24 374.05
833.55 282.92 928.72 369.84
823.65 282.0 915.83 368.99
603.36 281.89 635.97 379.09
826.77 279.03 918.39 365.78
824.28 279.1 918.39 365.78
838.35 276.7 934.33 362.89
599.15 273.07 630.98 370.88
834.94 268.49 930.21 354.03
829.32 268.53 921.45 355.14
719.51 257.14 754.57 359.68
674.59 250.06 722.84 345.14
729.3 249.11 789.66 339.65
671.13 246.54 718.42 341.08
622.66 246.37 657.56 343.61
801.89 245.8 884.72 332.52
802.02 245.75 884.72 332.52
883.98 240.09 969.62 325.15
558.09 234.63 577.7 337.39
682.65 233.66 731.81 327.92
845.0 232.44 936.16 317.83
561.94 231.6 583.78 332.24
473.22 218.56 474.67 326.69
342.33 217.23 346.54 326.85
850.96 216.57 938.33 301.16
304.96 213.38 310.1 322.78
834.75 212.54 922.61 297.2
737.79 211.65 797.89 302.26
263.6 209.38 269.26 318.78
749.76 204.85 810.26 295.85
755.11 201.7 814.62 293.37
784.32 190.71 855.21 279.12
830.53 188.87 913.58 274.06
777.85 186.35 846.19 274.38
794.52 183.92 868.2 270.29
657.44 183.97 698.38 280.32
873.57 177.75 952.39 263.2
641.68 176.3 678.41 273.98
108.8 172.58 116.05 285.96
345.54 172.11 349.99 284.59
653.84 171.52 692.88 268.95
336.51 167.12 341.31 279.6
687.61 166.51 732.63 262.69
463.59 166.63 470.12 276.36
670.7 164.32 712.93 260.86
489.55 160.83 493.87 271.78
436.52 161.05 441.91 271.29
657.81 151.35 698.46 248.78
593.13 139.46 617.97 242.89
697.56 136.35 743.2 233.15
752.0 134.5 809.45 227.02
534.6 133.19 552.05 240.8
341.94 116.36 351.03 233.06
346.0 113.67 354.94 230.24
879.5 106.16 947.84 195.65
628.94 105.96 659.96 208.64
637.71 101.86 670.0 204.09
435.04 96.09 442.64 214.39
517.96 84.86 532.64 199.44
827.01 79.5 897.62 169.43
543.24 76.52 562.0 190.6
756.39 63.66 809.42 160.52
836.0 63.18 905.67 153.99
836.23 57.83 905.23 149.49
765.03 56.49 819.24 153.2
636.58 20.58 666.45 132.51
564.69 14.84 584.37 134.14
634.56 276.74 672.89 372.24
466.34 202.98 465.91 315.03
538.52 455.99 560.58 567.89
536.05 333.11 556.66 433.81
478.07 265.12 481.66 373.53
405.9 453.84 399.61 558.69
343.74 438.58 331.31 543.11
828.19 394.76 934.7 497.38
393.0 344.05 387.07 449.65
503.05 301.36 516.67 406.66
503.05 301.36 516.67 406.66
940.92 186.64 1008.71 274.46
277.68 322.73 267.78 429.54
694.08 229.89 744.97 323.74
744.1 199.46 797.63 294.84
688.64 203.12 736.82 297.65
763.87 187.07 831.12 276.41
646.03 180.0 684.76 274.35
902.55 144.3 973.48 233.67
882.71 128.45 954.79 217.43
372.33 376.45 363.36 481.84
316.44 330.42 304.54 438.87
587.03 293.91 621.03 388.65
384.87 291.96 377.62 398.72
164.0 269.19 159.39 376.12
319.29 255.74 324.53 362.15
714.96 243.43 772.3 335.4
573.45 238.28 594.78 337.19
899.68 232.29 981.71 318.15
753.03 222.78 813.45 315.55
960.4 108.86 1013.91 200.59
872.1 99.63 940.3 187.29
893.62 92.24 959.08 183.32
888.77 50.27 947.91 145.18
401.13 487.94 401.1 601.68
409.11 432.51 402.92 538.45
433.74 339.4 433.67 442.41
560.43 311.05 583.23 411.99
383.54 291.2 377.62 398.72
506.49 203.15 507.81 311.55
294.19 177.15 301.08 290.37
415.12 165.58 420.14 278.43
957.9 142.96 1016.6 233.43
957.9 142.96 1016.6 233.43
869.96 63.8 932.86 153.31
869.61 29.89 929.39 125.25
572.59 448.47 602.75 558.75
214.01 376.13 198.69 482.38
83.99 348.47 68.22 457.62
83.99 348.47 68.22 457.62
332.87 345.79 322.46 452.12
352.64 342.53 344.34 447.95
188.85 290.93 183.1 400.54
692.42 266.89 744.35 360.88
692.42 266.89 744.35 360.88
449.05 238.01 452.45 342.86
833.42 235.77 925.63 320.0
398.29 232.99 402.27 339.98
894.61 171.26 969.62 259.72
894.61 171.26 969.62 259.72
904.23 112.59 969.38 203.17
902.87 68.55 962.4 161.96
734.46 68.06 780.95 165.98
854.83 57.6 920.13 147.23
581.59 58.01 602.02 170.45
368.07 470.57 360.12 581.55
173.59 456.02 150.26 567.94
524.28 417.14 542.32 523.63
563.93 381.48 588.27 487.51
184.47 278.01 180.45 387.57
479.48 276.58 478.55 381.5
678.42 257.12 728.86 355.02
678.42 257.12 728.86 355.02
370.24 235.44 372.57 344.24
336.97 215.18 340.38 324.11
581.9 149.57 607.44 250.65
945.28 83.46 996.8 176.12
853.75 83.48 924.71 173.1
832.42 78.95 903.93 168.85
395.65 71.16 408.61 191.91
394.57 501.42 397.08 617.42
434.3 476.94 437.05 587.13
343.4 467.92 331.47 575.82
229.69 452.55 207.9 564.41
675.17 415.21 733.49 519.43
258.68 413.24 241.76 521.17
490.93 380.02 487.11 482.47
562.22 337.17 586.23 437.48
562.38 325.26 585.75 427.26
375.65 324.51 369.63 430.76
94.44 301.8 85.22 408.59
209.92 300.67 201.77 410.78
175.0 293.31 167.44 401.26
94.98 289.1 87.79 397.17
377.08 267.11 378.99 374.8
446.12 246.13 449.46 350.86
737.54 217.25 796.14 310.22
655.29 198.67 697.8 293.89
655.29 198.67 697.8 293.89
790.53 184.13 861.97 272.48
784.32 177.55 854.35 265.3
562.98 171.87 584.42 273.58
562.98 171.87 584.42 273.58
902.31 160.8 973.74 247.27
902.31 160.8 973.74 247.27
911.2 156.58 982.23 243.01
285.28 149.75 293.56 263.83
598.66 129.4 623.56 235.15
360.19 82.35 369.47 203.9
832.76 78.17 904.55 168.09
921.93 65.5 976.86 160.45
378.14 448.95 366.41 556.82
377.87 417.44 367.75 524.48
265.25 405.93 248.92 513.97
384.3 400.5 375.04 506.93
352.85 363.76 341.18 470.13
352.85 363.76 341.18 470.13
159.13 337.58 147.48 445.65
293.49 327.71 282.8 435.42
258.74 305.78 248.21 414.84
200.0 300.23 193.23 409.96
472.48 288.38 468.83 394.04
437.29 284.66 438.22 390.45
174.11 275.68 170.77 385.91
92.87 275.88 87.11 383.38
138.42 264.13 134.82 374.16
276.59 259.46 277.26 366.43
673.81 242.37 722.21 335.51
696.03 241.01 745.83 334.31
446.59 234.41 450.43 340.75
572.08 215.99 595.23 316.49
25.97 205.92 29.51 315.82
673.38 194.64 717.09 289.99
295.27 192.84 298.76 302.72
667.37 190.71 710.19 286.53
667.37 190.71 710.19 286.53
914.25 184.23 987.77 270.05
918.08 177.52 990.55 262.71
672.36 177.41 714.71 274.12
106.33 175.54 113.5 288.88
777.82 168.07 846.93 256.37
777.82 168.07 846.93 256.37
918.1 161.06 988.16 247.38
301.64 147.78 309.64 262.1
954.19 132.54 1012.07 223.06
902.57 107.79 967.23 197.95
946.85 106.44 1001.33 196.86
877.15 93.46 943.95 183.23
840.45 87.22 913.35 175.5
448.58 78.08 458.15 198.51
587.85 67.93 611.27 177.6
921.21 63.46 975.38 157.35
911.03 58.77 967.38 153.58
544.49 46.89 562.66 164.09
856.54 42.89 920.92 136.62
856.54 42.89 920.92 136.62
562.89 38.97 582.91 153.3
575.38 16.72 595.17 136.02
900.24 14.19 952.61 113.57
237.82 452.89 216.5 563.09
667.97 427.19 725.27 531.96
301.96 426.53 285.57 535.53
354.98 404.31 340.19 510.73
105.71 385.9 85.62 497.09
105.71 385.9 85.62 497.09
594.85 374.25 627.29 475.38
347.6 349.82 335.78 457.02
669.23 333.69 721.0 432.09
349.89 322.7 345.03 428.22
349.89 322.7 345.03 428.22
254.16 321.18 244.18 428.93
292.42 320.13 282.2 427.47
582.01 315.96 609.62 415.38
563.72 316.46 587.33 416.89
335.79 310.73 331.93 417.14
176.71 291.9 171.47 399.71
386.13 266.13 386.97 373.33
137.92 253.71 135.77 363.34
137.92 253.71 135.77 363.34
884.05 250.92 970.16 335.82
672.92 250.91 721.13 347.31
677.89 248.29 726.74 342.74
11.4 237.71 9.61 346.74
727.26 226.51 786.27 316.49
393.14 215.45 396.01 321.47
717.11 205.22 770.93 298.38
313.95 200.7 320.11 312.07
915.78 194.01 989.98 280.07
554.78 189.5 575.0 291.27
662.59 186.31 704.99 282.04
958.1 181.64 1025.49 269.6
358.62 181.66 362.9 293.5
554.06 178.98 574.01 281.87
884.93 178.01 961.98 263.56
666.04 178.14 708.42 275.37
666.04 178.14 708.42 275.37
111.01 170.1 121.31 285.06
584.9 162.27 609.96 264.77
921.52 155.68 988.96 242.32
294.43 156.38 302.72 268.73
294.43 156.38 302.72 268.73
606.96 138.51 636.24 242.96
496.39 131.81 499.08 245.74
252.81 119.06 264.37 235.99
347.27 117.87 356.11 234.95
347.27 117.87 356.11 234.95
839.85 116.44 917.17 202.82
256.21 114.06 268.03 231.47
604.29 101.5 632.13 205.49
604.29 101.5 632.13 205.49
929.98 98.76 988.15 190.13
565.38 88.56 585.37 198.91
935.07 84.72 989.02 178.18
864.54 48.91 929.39 142.0
605.61 31.04 629.81 144.32
894.42 21.09 949.45 118.75
366.36 482.76 358.92 594.68
273.36 467.78 255.34 578.84
273.0 452.18 254.0 562.32
273.0 452.18 254.0 562.32
207.53 440.86 186.02 551.16
207.53 440.86 186.02 551.16
366.57 433.16 353.99 540.58
271.34 430.65 254.72 539.92
274.33 427.14 257.94 535.99
258.75 424.87 242.91 534.74
366.65 424.22 354.68 530.48
405.16 423.73 394.99 530.37
373.36 419.05 362.15 526.65
366.65 415.7 354.94 522.2
362.57 410.06 350.36 515.07
270.03 409.61 252.89 517.67
366.69 409.53 355.02 516.12
462.29 406.84 462.31 510.84
287.04 401.94 271.4 509.09
236.75 401.28 219.04 509.18
667.08 400.71 722.86 502.71
667.08 400.71 722.86 502.71
382.78 398.91 373.81 505.89
375.23 396.54 365.45 503.04
366.37 386.37 356.05 492.52
555.78 386.09 581.0 490.99
362.43 385.7 351.78 491.74
138.57 384.94 119.9 495.57
117.53 382.42 98.23 493.07
963.34 377.93 1143.65 474.73
365.95 374.97 356.26 480.98
286.25 372.53 272.55 480.32
319.39 371.26 307.39 477.68
294.84 369.47 282.11 476.35
215.83 362.25 200.63 470.36
257.71 356.98 244.45 465.16
378.64 349.45 371.49 452.85
378.64 349.45 371.49 452.85
351.96 347.47 340.55 454.39
338.48 342.57 327.8 448.71
338.48 342.57 327.8 448.71
368.89 336.98 363.5 441.72
404.38 333.71 403.98 438.68
576.34 324.88 604.41 424.62
553.71 318.76 576.94 420.11
598.19 313.81 631.07 411.87
258.93 306.74 248.21 414.84
599.03 298.41 631.47 397.3
520.45 294.55 535.97 397.12
601.99 291.69 634.76 390.66
436.6 290.63 439.42 395.14
597.38 288.42 629.48 387.08
411.73 284.45 410.33 390.05
411.73 284.45 410.33 390.05
599.52 277.0 631.79 375.35
384.74 273.58 385.83 379.88
709.99 263.08 765.37 357.18
372.52 261.61 374.69 368.38
727.41 226.13 786.27 316.49
566.34 226.17 589.2 326.71
686.65 223.45 736.09 317.26
344.82 214.49 347.83 323.78
479.29 207.04 483.8 315.26
364.21 206.77 366.83 317.83
915.72 193.94 989.98 280.07
727.12 193.0 783.14 285.42
909.22 187.16 983.24 272.89
667.88 183.41 710.55 279.23
910.17 179.06 983.63 265.32
338.22 172.67 342.87 285.26
577.04 169.12 599.86 273.32
708.72 166.53 750.65 266.04
576.85 158.44 599.33 261.43
353.48 158.15 361.55 273.12
920.92 155.63 988.96 242.32
670.33 151.52 711.82 246.92
481.26 141.55 485.97 254.64
345.33 131.42 354.4 246.56
895.28 126.77 963.3 214.39
411.12 123.05 419.04 237.56
411.64 116.54 419.47 232.01
694.3 108.44 735.68 206.31
450.81 108.68 458.93 224.88
669.7 107.07 708.39 207.14
815.68 104.46 886.18 193.39
554.25 99.74 572.76 211.2
321.51 90.63 332.93 210.84
240.98 87.22 255.94 208.1
521.97 83.8 537.19 198.38
443.14 81.41 452.82 200.98
443.14 81.41 452.82 200.98
854.23 80.92 923.71 170.43
929.86 78.52 985.15 172.06
848.35 78.56 919.07 167.84
834.92 73.96 906.45 163.62
912.88 73.21 969.65 166.45
916.23 67.92 971.54 162.26
481.36 61.11 491.36 182.7
693.15 38.14 730.28 144.68
691.98 30.43 729.0 136.89
859.75 28.72 921.72 124.59
859.75 28.72 921.72 124.59
572.69 11.22 593.72 128.52
401.37 510.0 407.43 627.49
503.52 498.2 525.0 612.45
413.3 493.01 417.79 608.02
420.04 491.01 424.98 603.9
251.83 488.72 235.89 604.87
416.44 481.61 420.9 595.11
350.74 479.9 340.99 591.75
350.74 479.9 340.99 591.75
272.31 463.82 254.31 574.77
272.31 463.82 254.31 574.77
457.48 461.61 456.73 569.29
241.89 450.71 220.75 560.58
234.78 449.34 213.75 559.59
461.68 441.47 461.06 548.32
490.31 437.98 485.13 543.74
230.28 432.3 210.75 542.48
374.96 424.2 364.24 531.27
291.4 423.97 274.22 531.29
282.39 421.76 263.49 529.26
457.1 418.15 455.92 523.38
436.76 417.6 431.95 523.57
366.6 415.93 354.94 522.2
363.02 416.55 350.35 523.13
287.36 410.11 271.44 517.67
261.95 409.47 244.94 517.26
246.66 405.11 229.93 513.57
246.66 405.11 229.93 513.57
419.07 402.12 425.34 508.78
667.33 396.72 722.5 497.59
673.16 394.98 727.24 496.74
658.56 394.62 711.04 496.25
673.77 391.54 728.85 492.99
362.5 391.44 351.58 497.8
137.65 390.97 118.28 501.72
668.07 390.05 722.95 491.13
559.13 389.84 584.39 493.32
717.87 388.91 787.62 488.62
375.39 379.96 365.75 488.03
312.26 379.26 299.34 485.76
269.47 379.07 254.4 486.42
112.28 378.65 93.27 489.56
112.28 378.65 93.27 489.56
369.55 376.45 360.28 483.44
318.69 375.84 306.17 482.37
139.23 375.25 121.51 484.97
361.92 373.71 351.88 480.21
964.29 371.21 1144.24 469.51
238.37 369.7 225.15 477.48
486.09 367.95 481.7 472.0
302.1 368.03 289.57 475.04
112.69 367.96 95.41 478.17
351.68 366.43 339.94 472.51
500.13 366.03 496.2 470.2
482.31 366.11 478.27 469.31
465.91 364.47 519.99 463.67
430.36 362.86 428.79 466.08
499.81 362.1 510.17 464.81
467.73 361.31 521.52 460.12
823.32 357.13 877.76 458.97
687.94 352.28 744.8 449.73
295.32 348.09 285.19 455.03
342.66 345.36 331.6 451.89
342.66 345.36 331.6 451.89
734.47 338.43 802.42 433.93
416.4 336.94 415.49 442.15
731.19 335.69 798.87 430.42
742.83 329.82 811.6 424.18
377.98 325.96 371.88 431.49
555.26 323.56 578.39 424.69
567.35 316.59 591.16 416.98
340.79 311.68 337.38 417.71
595.55 311.06 627.82 409.76
209.79 310.13 200.97 417.49
550.49 307.87 573.15 409.51
576.96 302.38 604.11 401.93
595.05 297.11 627.3 394.94
603.39 286.72 635.99 385.35
600.44 284.45 632.63 382.36
588.6 280.43 617.59 379.77
604.02 277.36 635.59 374.7
697.47 266.28 749.2 359.77
671.48 256.62 718.97 351.06
728.81 253.32 789.68 345.15
682.53 251.46 732.97 345.31
726.02 251.18 785.23 342.62
689.59 248.73 740.3 342.14
548.05 243.48 567.94 344.97
740.43 236.86 801.19 328.21
725.39 222.06 783.65 313.42
728.65 212.37 786.7 304.03
730.52 209.06 789.26 300.32
559.33 203.79 580.13 308.53
722.69 196.22 783.14 285.42
911.42 195.26 986.18 281.5
768.28 194.3 810.26 295.85
642.87 194.22 679.78 290.95
797.58 187.92 871.09 275.53
286.01 178.21 291.93 291.46
480.06 175.88 482.7 286.91
912.86 175.43 984.93 261.62
342.22 172.42 347.02 285.69
549.38 166.19 568.18 271.08
434.98 163.34 441.41 275.35
334.8 162.54 341.09 275.72
303.52 161.28 311.01 273.71
778.7 160.38 845.4 250.23
570.86 145.19 593.6 248.99
842.65 127.94 919.99 214.42
631.55 126.63 664.71 228.16
631.55 126.63 664.71 228.16
586.0 126.5 610.57 230.76
443.6 124.18 450.11 240.66
601.48 109.23 628.38 214.0
635.91 107.82 669.87 210.53
459.0 105.52 465.43 222.63
637.52 104.9 671.02 206.95
423.4 102.7 431.31 220.49
388.47 99.58 398.86 217.82
588.59 95.32 614.03 201.38
433.51 93.16 440.08 211.75
563.94 92.09 584.77 200.46
563.94 92.09 584.77 200.46
380.08 87.08 391.51 206.1
380.08 87.08 391.51 206.1
316.38 86.46 328.88 207.41
325.03 85.56 336.63 206.53
513.5 78.09 528.84 192.34
560.27 52.36 579.59 166.7
900.18 51.6 957.01 147.19
879.71 38.94 939.49 134.7
870.09 33.89 930.5 129.17
895.06 28.07 950.47 125.45
641.52 26.08 672.31 137.17
561.49 17.48 581.59 135.54
694.3 665.12 766.28 823.25
851.81 516.28 983.68 653.08
400.51 509.26 407.43 627.49
736.69 507.39 845.32 636.8
233.6 506.39 217.28 627.34
490.45 503.89 510.84 618.99
377.06 493.49 374.4 606.99
778.58 491.55 878.97 621.59
255.2 489.53 239.95 605.3
359.55 488.16 348.11 597.62
254.92 486.45 239.28 601.56
362.51 485.03 355.67 597.37
353.1 482.49 344.21 593.96
373.34 481.87 368.57 594.1
195.09 479.68 172.84 596.52
942.45 479.22 1060.4 599.14
353.92 477.49 344.8 588.9
462.79 472.33 462.14 580.78
274.83 470.83 257.35 582.92
269.13 465.68 250.22 576.91
370.95 452.24 358.04 559.51
460.34 448.34 460.03 556.07
385.09 448.52 374.61 556.04
911.6 447.45 1025.93 556.06
233.88 446.06 214.23 556.14
847.06 441.73 968.23 554.2
842.86 441.74 964.63 554.06
312.33 439.46 295.73 547.83
236.15 439.23 217.49 549.18
496.19 438.39 491.96 543.67
502.19 437.88 497.25 543.32
850.52 434.56 1016.26 547.17
372.68 428.17 361.41 535.72
794.45 426.9 854.45 531.0
370.23 409.97 359.31 516.32
611.07 409.38 635.7 516.06
249.53 408.27 231.26 516.54
360.6 394.59 348.8 501.55
998.6 387.15 1045.32 493.93
827.36 386.52 861.29 492.64
497.82 381.73 493.95 486.23
353.48 381.5 341.54 488.03
372.1 379.25 363.08 484.95
584.74 378.28 614.46 480.48
136.69 377.66 120.58 488.63
239.09 374.95 250.41 483.88
437.45 374.1 436.52 478.85
493.44 371.66 489.58 476.15
324.23 369.42 311.01 476.17
488.51 365.37 483.64 469.65
361.98 365.52 352.77 471.05
485.91 362.54 482.06 467.02
277.42 361.02 264.71 468.77
785.79 359.32 835.91 461.87
690.96 359.56 749.59 457.61
790.26 358.23 818.3 465.33
271.11 353.26 259.22 460.38
299.9 351.99 288.59 459.49
726.02 349.97 794.73 445.79
815.25 347.92 894.21 444.24
791.46 345.35 879.04 438.48
766.57 339.01 844.38 432.69
418.03 334.04 417.06 439.07
733.65 333.55 801.5 428.16
412.45 333.57 411.41 439.34
574.51 328.03 602.48 428.02
692.96 326.4 748.45 420.6
793.01 325.35 878.2 416.96
588.45 320.85 617.98 420.7
828.53 319.74 924.75 409.18
551.37 315.91 574.67 416.75
405.23 312.27 405.15 419.26
813.19 304.06 904.58 392.68
816.27 300.97 907.32 390.01
447.52 299.9 449.93 404.19
817.49 297.65 907.84 386.65
832.9 295.36 928.51 383.18
851.72 293.79 949.33 381.12
801.88 292.72 887.94 381.54
445.69 288.23 447.44 393.65
835.98 286.95 932.27 373.94
812.88 285.78 901.24 374.05
833.55 282.92 928.72 369.84
823.65 282.0 915.83 368.99
603.36 281.89 635.97 379.09
826.77 279.03 918.39 365.78
824.28 279.1 918.39 365.78
838.35 276.7 934.33 362.89
599.15 273.07 630.98 370.88
834.94 268.49 930.21 354.03
829.32 268.53 921.45 355.14
719.51 257.14 754.57 359.68
674.59 250.06 722.84 345.14
729.3 249.11 789.66 339.65
671.13 246.54 718.42 341.08
622.66 246.37 657.56 343.61
801.89 245.8 884.72 332.52
802.02 245.75 884.72 332.52
883.98 240.09 969.62 325.15
558.09 234.63 577.7 337.39
682.65 233.66 731.81 327.92
845.0 232.44 936.16 317.83
561.94 231.6 583.78 332.24
473.22 218.56 474.67 326.69
342.33 217.23 346.54 326.85
850.96 216.57 938.33 301.16
304.96 213.38 310.1 322.78
834.75 212.54 922.61 297.2
737.79 211.65 797.89 302.26
263.6 209.38 269.26 318.78
749.76 204.85 810.26 295.85
755.11 201.7 814.62 293.37
784.32 190.71 855.21 279.12
830.53 188.87 913.58 274.06
777.85 186.35 846.19 274.38
794.52 183.92 868.2 270.29
657.44 183.97 698.38 280.32
873.57 177.75 952.39 263.2
641.68 176.3 678.41 273.98
108.8 172.58 116.05 285.96
345.54 172.11 349.99 284.59
653.84 171.52 692.88 268.95
336.51 167.12 341.31 279.6
687.61 166.51 732.63 262.69
463.59 166.63 470.12 276.36
670.7 164.32 712.93 260.86
489.55 160.83 493.87 271.78
436.52 161.05 441.91 271.29
657.81 151.35 698.46 248.78
593.13 139.46 617.97 242.89
697.56 136.35 743.2 233.15
752.0 134.5 809.45 227.02
534.6 133.19 552.05 240.8
341.94 116.36 351.03 233.06
346.0 113.67 354.94 230.24
879.5 106.16 947.84 195.65
628.94 105.96 659.96 208.64
637.71 101.86 670.0 204.09
435.04 96.09 442.64 214.39
517.96 84.86 532.64 199.44
827.01 79.5 897.62 169.43
543.24 76.52 562.0 190.6
756.39 63.66 809.42 160.52
836.0 63.18 905.67 153.99
836.23 57.83 905.23 149.49
765.03 56.49 819.24 153.2
636.58 20.58 666.45 132.51
564.69 14.84 584.37 134.14
