454.74 392.37 447.58 479.36
454.74 392.37 447.58 479.36
456.25 391.99 447.58 479.36
456.25 391.99 447.58 479.36
804.63 467.75 978.6 539.23
466.34 202.98 437.97 292.91
863.52 414.11 1047.04 469.63
536.05 333.11 550.84 413.16
343.74 438.58 310.84 537.76
277.68 322.73 235.65 420.36
694.08 229.89 762.27 280.23
688.64 203.12 752.85 251.96
763.87 187.07 863.2 222.83
882.71 128.45 997.53 152.75
372.33 376.45 339.08 470.83
316.44 330.42 273.5 430.17
587.03 293.91 620.84 359.5
587.03 293.91 620.84 359.5
164.0 269.19 115.0 364.86
872.1 99.63 983.97 120.24
293.1 536.02 287.46 664.55
433.74 339.4 413.24 426.43
560.43 311.05 580.27 384.43
383.54 291.2 350.56 382.45
1033.47 201.97 1120.83 239.81
1014.77 155.31 1095.89 190.64
587.41 455.24 632.71 544.24
572.59 448.47 604.33 533.73
332.87 345.79 293.67 442.32
352.64 342.53 316.51 436.4
188.85 290.93 142.78 390.6
449.05 238.01 431.24 320.77
833.42 235.77 977.47 266.85
829.7 84.98 948.9 96.69
927.72 485.56 1110.91 546.63
381.07 475.12 364.27 578.82
1103.51 473.1 1218.87 516.02
368.07 470.57 342.44 572.58
851.99 447.85 1038.2 507.58
729.38 438.96 834.58 514.61
297.91 336.83 256.5 433.82
384.46 329.72 354.49 422.12
1151.09 297.88 1205.69 335.96
201.36 285.7 155.58 382.33
479.48 276.58 457.22 361.33
678.42 257.12 745.83 314.98
370.24 235.44 345.04 325.5
370.24 235.44 345.04 325.5
1002.59 218.98 1095.89 252.66
400.26 155.89 377.88 245.05
1156.83 121.58 1174.95 169.89
832.42 78.95 948.9 96.69
507.15 593.05 633.51 742.23
394.57 501.42 388.21 608.04
343.4 467.92 310.65 569.01
343.4 467.92 310.65 569.01
171.39 401.64 118.27 507.7
562.38 325.26 582.96 400.37
175.0 293.31 125.46 392.73
483.12 287.23 457.4 375.24
158.9 280.27 109.25 380.31
1063.64 247.01 1137.09 284.42
1002.65 218.67 1095.89 252.66
655.29 198.67 708.88 249.84
655.29 198.67 708.88 249.84
790.53 184.13 900.09 215.43
562.98 171.87 575.13 238.6
562.98 171.87 575.13 238.6
902.31 160.8 1017.11 186.16
911.2 156.58 1024.85 183.11
285.28 149.75 257.47 238.99
494.44 147.32 475.9 233.05
504.37 141.48 485.49 226.34
598.66 129.4 618.62 193.88
1008.92 99.0 1079.19 133.86
832.76 78.17 948.9 96.69
1075.24 35.11 1108.34 82.83
519.06 657.39 775.94 901.29
597.85 555.36 701.32 667.73
378.14 448.95 346.27 546.85
377.87 417.44 346.21 514.04
352.85 363.76 314.32 460.84
293.49 327.71 250.87 425.73
673.81 234.69 737.25 292.04
673.81 234.69 737.25 292.04
680.04 228.92 743.85 279.91
962.77 203.14 1065.36 234.81
592.27 197.7 615.5 260.81
673.38 194.64 728.88 245.32
667.37 190.71 721.45 241.96
667.37 190.71 721.45 241.96
914.25 184.23 1031.49 210.88
672.36 177.41 726.07 228.95
777.82 168.07 883.15 197.78
666.42 161.24 718.13 211.2
666.42 161.24 718.13 211.2
301.64 147.78 274.3 238.75
466.36 77.26 449.93 165.07
1085.71 65.37 1121.67 111.92
900.24 14.19 988.74 39.52
510.85 594.34 639.35 743.43
510.85 594.34 633.51 742.23
155.44 565.21 106.72 729.45
168.9 543.59 125.48 689.89
168.9 543.59 125.48 689.89
117.42 521.36 45.44 660.38
237.82 452.89 187.55 560.36
301.96 426.53 259.09 530.6
289.6 406.3 246.04 507.09
581.92 381.31 614.55 459.17
594.85 374.25 632.46 448.44
669.69 373.16 743.51 441.0
669.69 373.16 743.51 441.0
334.94 363.82 296.46 460.66
725.5 337.2 820.64 392.93
349.89 322.7 319.31 415.1
349.89 322.7 319.31 415.1
254.16 321.18 210.81 419.83
582.01 315.96 609.62 386.63
138.6 307.42 85.06 407.2
138.7 297.7 85.06 407.2
176.71 291.9 129.91 387.63
1014.83 289.72 1119.97 326.08
137.92 253.71 87.87 348.71
137.92 253.71 87.87 348.71
884.05 250.92 1020.43 281.16
677.89 248.29 742.35 301.09
1005.73 233.93 1101.34 267.82
951.91 204.75 1052.84 237.74
1011.24 204.57 1101.95 238.57
607.39 188.46 637.43 249.58
958.1 181.64 1066.44 214.31
666.04 178.14 719.24 228.87
438.96 161.47 420.43 249.64
912.2 158.63 1024.85 183.11
921.52 155.68 1035.91 183.83
294.43 156.38 266.15 243.27
478.97 149.21 459.55 234.99
584.63 143.12 602.75 207.34
348.05 105.53 323.58 195.65
570.03 33.92 576.36 106.98
894.42 21.09 987.12 46.4
154.65 560.37 101.74 723.3
163.08 534.56 107.95 677.84
183.23 530.11 135.65 666.76
183.23 530.11 135.65 666.76
366.36 482.76 340.81 585.74
705.8 469.9 809.9 549.56
346.06 463.06 309.7 564.36
701.5 458.89 801.66 537.33
568.52 443.36 601.0 529.65
710.21 429.94 810.61 501.81
723.62 424.61 824.72 495.74
412.06 424.3 381.87 519.2
366.65 424.22 332.04 521.41
373.36 419.05 339.91 516.35
362.57 410.06 326.77 505.06
257.82 405.84 211.78 508.53
667.08 400.71 744.15 472.33
667.08 400.71 744.15 472.33
366.37 386.37 331.88 481.81
577.16 377.62 627.2 450.28
365.95 374.97 330.99 470.37
286.25 372.53 243.41 471.86
838.2 369.64 1007.39 416.85
294.84 369.47 252.86 468.84
806.59 368.25 954.97 419.17
850.74 361.28 1022.97 405.66
842.41 357.07 1010.0 401.28
257.71 356.98 212.59 458.06
351.96 347.47 313.37 443.94
315.51 342.92 272.98 440.79
368.89 336.98 337.99 428.09
923.52 332.59 1064.83 372.31
664.82 329.83 732.69 393.21
222.72 329.07 176.84 430.06
576.34 324.88 604.12 396.65
341.47 311.78 313.02 403.82
599.03 298.41 634.52 366.9
601.99 291.69 637.99 358.4
599.52 277.0 634.37 343.1
498.4 275.63 479.53 360.83
1068.54 245.2 1142.58 283.06
1073.8 240.35 1147.3 278.32
1081.18 235.09 1152.48 272.62
822.36 213.82 953.42 242.13
644.78 213.95 691.38 269.19
1002.74 211.13 1094.76 245.5
968.56 196.59 1070.42 229.02
909.22 187.16 1027.19 214.73
798.71 183.67 912.18 212.61
798.71 183.67 912.18 212.61
667.88 183.41 722.52 233.73
565.77 180.45 580.14 246.87
910.17 179.06 1028.42 206.21
795.27 175.82 906.08 204.44
792.24 171.97 900.34 201.53
760.99 171.6 852.84 208.33
305.02 137.54 276.4 229.0
345.33 131.42 321.53 220.61
908.36 120.01 1015.73 144.82
880.65 102.49 989.77 125.59
521.97 83.8 519.45 160.53
1079.84 78.7 1120.42 123.52
834.92 73.96 951.35 91.24
784.89 43.6 872.94 71.09
692.81 589.39 696.03 668.92
744.11 582.63 640.43 632.03
191.99 537.53 149.07 679.45
625.4 530.84 559.72 601.37
855.98 508.26 1053.72 584.52
472.86 498.34 489.34 597.87
371.03 496.24 355.81 602.92
420.04 491.01 416.23 592.94
398.49 482.4 380.66 584.57
838.48 475.28 1025.97 545.03
474.75 471.5 462.89 566.46
272.31 463.82 226.46 569.91
457.48 461.61 443.07 557.17
462.18 457.48 447.14 551.63
379.38 451.31 348.52 550.34
241.89 450.71 191.41 557.98
459.02 445.41 444.05 539.34
484.57 440.52 463.51 532.07
490.31 437.98 469.3 529.24
233.74 436.71 185.2 542.99
945.8 435.43 1105.78 488.77
724.09 432.94 826.48 504.98
724.09 432.94 826.48 504.98
230.28 432.3 180.86 538.74
374.96 424.2 342.53 520.71
291.4 423.97 247.26 525.63
175.67 424.09 123.71 533.04
287.36 410.11 243.77 510.67
666.99 404.56 745.6 481.1
419.07 402.12 412.2 493.52
408.15 399.7 401.59 490.66
658.56 394.62 731.21 465.69
709.39 391.15 808.41 456.54
668.07 390.05 743.23 460.94
559.13 389.84 583.96 470.87
497.51 386.29 476.41 475.01
294.28 384.4 251.07 483.15
751.36 382.68 868.79 442.73
291.21 381.31 247.73 480.78
758.38 381.08 855.29 445.71
317.93 379.32 278.72 477.58
269.47 379.07 223.86 479.55
210.56 378.65 159.44 481.89
210.56 378.65 159.44 481.89
369.55 376.45 335.55 471.41
318.69 375.84 278.59 473.47
665.42 374.91 738.38 442.72
290.86 369.57 247.84 467.98
846.53 369.66 1020.29 415.71
302.1 368.03 259.61 466.24
664.91 362.42 736.5 428.46
275.06 361.25 230.18 460.74
812.15 359.48 961.38 407.89
923.01 357.54 1069.95 400.36
829.03 356.02 961.38 407.89
687.94 352.28 766.96 415.04
843.03 350.06 1007.25 393.1
843.03 350.06 1007.25 393.1
697.33 347.13 777.31 409.64
342.66 345.36 303.47 441.15
734.47 338.43 833.2 394.78
493.56 335.65 477.66 420.42
377.98 325.96 346.34 417.68
381.38 324.71 350.12 416.33
555.26 323.56 575.04 398.11
567.35 316.59 588.34 389.3
576.96 302.38 603.24 372.42
595.05 297.11 630.03 362.99
475.26 293.14 448.34 381.0
997.38 289.87 1102.59 328.38
603.39 286.72 639.09 352.54
603.39 286.72 639.09 352.54
600.44 284.45 635.31 350.37
1148.86 270.9 1199.0 310.85
697.47 266.28 767.99 318.74
671.48 256.62 733.79 310.87
682.53 251.46 749.85 303.75
1068.12 250.22 1143.04 288.16
1072.28 246.59 1146.91 283.16
555.07 233.33 567.99 303.54
675.72 231.27 738.75 282.62
730.52 209.06 813.3 251.79
595.12 201.68 619.49 265.62
602.02 199.94 626.68 265.46
722.69 196.22 807.42 235.18
642.87 194.22 688.53 249.09
658.6 193.1 711.95 244.24
656.06 190.94 708.49 242.37
959.2 188.19 1065.2 220.47
797.58 187.92 910.77 218.23
633.59 180.34 672.46 235.71
484.58 171.24 463.94 257.68
549.38 166.19 557.55 235.39
740.67 153.12 823.01 190.38
326.71 135.95 300.68 226.28
326.71 135.95 300.68 226.28
330.62 134.94 303.76 225.44
586.0 126.5 604.08 190.21
796.87 102.25 898.18 128.19
605.3 98.67 629.57 156.88
605.3 98.67 629.57 156.88
825.14 89.65 938.69 108.88
470.83 67.17 454.02 155.32
648.44 23.93 680.47 79.77
634.61 558.87 752.49 669.19
593.45 556.19 696.03 668.92
549.96 543.68 624.63 654.63
853.64 541.21 1058.12 627.49
197.0 533.42 156.91 670.23
196.4 530.56 154.85 666.24
201.4 527.3 159.44 661.33
844.12 523.38 1044.2 605.13
864.46 517.03 1081.59 594.83
510.59 509.69 537.6 610.64
848.58 509.13 1046.96 586.67
509.16 506.91 536.66 607.45
845.87 506.62 1043.66 583.7
497.15 505.04 519.28 605.94
490.45 503.89 512.02 604.84
404.03 502.84 400.77 609.67
377.06 493.49 362.6 598.9
473.56 492.15 493.61 589.41
947.82 491.35 1120.2 554.43
255.2 489.53 215.54 603.05
254.92 486.45 215.1 599.22
353.1 482.49 326.73 586.38
843.49 480.15 1034.36 550.26
948.97 478.59 1086.43 535.0
890.09 473.19 1073.58 537.52
828.55 472.81 1009.17 543.12
462.79 472.33 449.61 568.16
274.83 470.83 232.45 578.07
825.48 470.39 922.31 538.83
344.58 470.19 312.16 572.47
749.43 463.96 877.62 538.89
928.75 462.36 1097.98 522.11
460.56 462.66 445.94 556.98
894.63 461.62 1073.57 523.34
945.57 457.78 1111.6 514.99
593.55 448.76 574.43 532.98
460.34 448.34 446.11 542.3
385.09 448.52 354.93 546.36
847.35 446.74 1034.51 508.49
847.35 446.74 1034.51 508.49
355.77 446.57 569.97 581.49
840.7 444.61 1023.39 506.6
236.15 439.23 188.1 545.44
502.19 437.88 481.27 528.96
839.02 432.74 1020.46 492.35
402.52 427.23 372.6 522.77
886.4 423.83 1060.05 478.45
869.23 418.6 1047.59 473.11
379.75 412.31 348.1 508.88
841.98 408.62 1021.14 461.8
841.98 408.62 1021.14 461.8
825.25 405.07 946.73 462.41
362.89 404.97 327.36 501.75
352.93 403.12 313.7 500.58
414.34 396.68 406.59 487.76
690.34 382.8 783.89 447.29
709.8 378.56 783.89 447.29
261.91 378.37 215.87 479.34
832.96 374.47 999.66 422.91
320.71 367.5 280.45 464.9
361.98 365.52 326.98 461.69
760.88 364.83 867.0 424.01
485.91 362.54 462.32 451.1
806.21 360.87 961.38 407.89
508.34 361.04 472.01 449.95
277.42 361.02 233.93 460.89
780.45 360.43 904.64 414.84
282.3 358.64 239.8 457.59
300.22 354.89 260.69 452.62
273.7 355.15 230.6 454.07
806.96 354.71 949.89 403.39
271.11 353.26 227.86 452.71
299.9 351.99 259.48 449.97
464.69 349.03 447.44 436.69
464.69 349.03 447.44 436.69
842.01 335.11 1003.74 375.92
418.03 334.04 396.22 422.63
733.65 333.55 832.14 389.28
412.45 333.57 389.9 422.87
843.86 332.65 1005.91 373.04
290.17 331.82 247.83 431.49
565.11 330.2 587.07 404.42
574.51 328.03 602.56 399.97
692.96 326.4 769.75 384.01
584.23 317.47 612.44 388.57
403.63 307.25 379.65 394.95
735.61 265.62 827.23 317.5
839.73 259.73 987.73 289.68
790.63 259.17 910.82 296.84
996.15 251.06 1094.42 288.0
674.59 250.06 738.46 303.76
828.63 235.61 965.76 265.16
682.65 233.66 748.03 285.39
543.49 228.46 554.07 299.22
997.56 224.51 1091.39 258.73
612.74 224.1 647.66 284.96
995.46 222.54 1088.27 258.27
749.76 204.85 835.97 246.65
830.53 188.87 961.65 212.84
777.85 186.35 880.21 219.42
794.52 183.92 905.53 214.93
786.26 175.88 894.13 206.79
670.7 164.32 722.91 214.43
663.71 158.34 714.61 208.08
636.65 158.67 675.11 213.4
566.16 145.55 579.37 211.53
534.6 133.19 537.54 205.15
770.43 121.14 862.44 152.02
624.4 97.69 654.32 154.95
384.78 92.92 364.66 181.41
352.89 93.09 328.68 183.79
517.96 84.86 514.1 162.68
572.91 84.34 582.42 153.78
584.39 68.65 597.84 134.26
839.0 60.44 954.83 76.18
646.66 37.7 679.58 92.66
454.74 392.37 447.58 479.36
454.74 392.37 447.58 479.36
456.25 391.99 447.58 479.36
456.25 391.99 447.58 479.36
804.63 467.75 978.6 539.23
466.34 202.98 437.97 292.91
863.52 414.11 1047.04 469.63
536.05 333.11 550.84 413.16
343.74 438.58 310.84 537.76
277.68 322.73 235.65 420.36
694.08 229.89 762.27 280.23
688.64 203.12 752.85 251.96
763.87 187.07 863.2 222.83
882.71 128.45 997.53 152.75
372.33 376.45 339.08 470.83
316.44 330.42 273.5 430.17
587.03 293.91 620.84 359.5
587.03 293.91 620.84 359.5
164.0 269.19 115.0 364.86
872.1 99.63 983.97 120.24
293.1 536.02 287.46 664.55
433.74 339.4 413.24 426.43
560.43 311.05 580.27 384.43
383.54 291.2 350.56 382.45
1033.47 201.97 1120.83 239.81
1014.77 155.31 1095.89 190.64
587.41 455.24 632.71 544.24
572.59 448.47 604.33 533.73
332.87 345.79 293.67 442.32
352.64 342.53 316.51 436.4
188.85 290.93 142.78 390.6
449.05 238.01 431.24 320.77
833.42 235.77 977.47 266.85
829.7 84.98 948.9 96.69
927.72 485.56 1110.91 546.63
381.07 475.12 364.27 578.82
1103.51 473.1 1218.87 516.02
368.07 470.57 342.44 572.58
851.99 447.85 1038.2 507.58
729.38 438.96 834.58 514.61
297.91 336.83 256.5 433.82
384.46 329.72 354.49 422.12
1151.09 297.88 1205.69 335.96
201.36 285.7 155.58 382.33
479.48 276.58 457.22 361.33
678.42 257.12 745.83 314.98
370.24 235.44 345.04 325.5
370.24 235.44 345.04 325.5
1002.59 218.98 1095.89 252.66
400.26 155.89 377.88 245.05
1156.83 121.58 1174.95 169.89
832.42 78.95 948.9 96.69
507.15 593.05 633.51 742.23
394.57 501.42 388.21 608.04
343.4 467.92 310.65 569.01
343.4 467.92 310.65 569.01
171.39 401.64 118.27 507.7
562.38 325.26 582.96 400.37
175.0 293.31 125.46 392.73
483.12 287.23 457.4 375.24
158.9 280.27 109.25 380.31
1063.64 247.01 1137.09 284.42
1002.65 218.67 1095.89 252.66
655.29 198.67 708.88 249.84
655.29 198.67 708.88 249.84
790.53 184.13 900.09 215.43
562.98 171.87 575.13 238.6
562.98 171.87 575.13 238.6
902.31 160.8 1017.11 186.16
911.2 156.58 1024.85 183.11
285.28 149.75 257.47 238.99
494.44 147.32 475.9 233.05
504.37 141.48 485.49 226.34
598.66 129.4 618.62 193.88
1008.92 99.0 1079.19 133.86
832.76 78.17 948.9 96.69
1075.24 35.11 1108.34 82.83
519.06 657.39 775.94 901.29
597.85 555.36 701.32 667.73
378.14 448.95 346.27 546.85
377.87 417.44 346.21 514.04
352.85 363.76 314.32 460.84
293.49 327.71 250.87 425.73
673.81 234.69 737.25 292.04
673.81 234.69 737.25 292.04
680.04 228.92 743.85 279.91
962.77 203.14 1065.36 234.81
592.27 197.7 615.5 260.81
673.38 194.64 728.88 245.32
667.37 190.71 721.45 241.96
667.37 190.71 721.45 241.96
914.25 184.23 1031.49 210.88
672.36 177.41 726.07 228.95
777.82 168.07 883.15 197.78
666.42 161.24 718.13 211.2
666.42 161.24 718.13 211.2
301.64 147.78 274.3 238.75
466.36 77.26 449.93 165.07
1085.71 65.37 1121.67 111.92
900.24 14.19 988.74 39.52
510.85 594.34 639.35 743.43
510.85 594.34 633.51 742.23
155.44 565.21 106.72 729.45
168.9 543.59 125.48 689.89
168.9 543.59 125.48 689.89
117.42 521.36 45.44 660.38
237.82 452.89 187.55 560.36
301.96 426.53 259.09 530.6
289.6 406.3 246.04 507.09
581.92 381.31 614.55 459.17
594.85 374.25 632.46 448.44
669.69 373.16 743.51 441.0
669.69 373.16 743.51 441.0
334.94 363.82 296.46 460.66
725.5 337.2 820.64 392.93
349.89 322.7 319.31 415.1
349.89 322.7 319.31 415.1
254.16 321.18 210.81 419.83
582.01 315.96 609.62 386.63
138.6 307.42 85.06 407.2
138.7 297.7 85.06 407.2
176.71 291.9 129.91 387.63
1014.83 289.72 1119.97 326.08
137.92 253.71 87.87 348.71
137.92 253.71 87.87 348.71
884.05 250.92 1020.43 281.16
677.89 248.29 742.35 301.09
1005.73 233.93 1101.34 267.82
951.91 204.75 1052.84 237.74
1011.24 204.57 1101.95 238.57
607.39 188.46 637.43 249.58
958.1 181.64 1066.44 214.31
666.04 178.14 719.24 228.87
438.96 161.47 420.43 249.64
912.2 158.63 1024.85 183.11
921.52 155.68 1035.91 183.83
294.43 156.38 266.15 243.27
478.97 149.21 459.55 234.99
584.63 143.12 602.75 207.34
348.05 105.53 323.58 195.65
570.03 33.92 576.36 106.98
894.42 21.09 987.12 46.4
154.65 560.37 101.74 723.3
163.08 534.56 107.95 677.84
183.23 530.11 135.65 666.76
183.23 530.11 135.65 666.76
366.36 482.76 340.81 585.74
705.8 469.9 809.9 549.56
346.06 463.06 309.7 564.36
701.5 458.89 801.66 537.33
568.52 443.36 601.0 529.65
710.21 429.94 810.61 501.81
723.62 424.61 824.72 495.74
412.06 424.3 381.87 519.2
366.65 424.22 332.04 521.41
373.36 419.05 339.91 516.35
362.57 410.06 326.77 505.06
257.82 405.84 211.78 508.53
667.08 400.71 744.15 472.33
667.08 400.71 744.15 472.33
366.37 386.37 331.88 481.81
577.16 377.62 627.2 450.28
365.95 374.97 330.99 470.37
286.25 372.53 243.41 471.86
838.2 369.64 1007.39 416.85
294.84 369.47 252.86 468.84
806.59 368.25 954.97 419.17
850.74 361.28 1022.97 405.66
842.41 357.07 1010.0 401.28
257.71 356.98 212.59 458.06
351.96 347.47 313.37 443.94
315.51 342.92 272.98 440.79
368.89 336.98 337.99 428.09
923.52 332.59 1064.83 372.31
664.82 329.83 732.69 393.21
222.72 329.07 176.84 430.06
576.34 324.88 604.12 396.65
341.47 311.78 313.02 403.82
599.03 298.41 634.52 366.9
601.99 291.69 637.99 358.4
599.52 277.0 634.37 343.1
498.4 275.63 479.53 360.83
1068.54 245.2 1142.58 283.06
1073.8 240.35 1147.3 278.32
1081.18 235.09 1152.48 272.62
822.36 213.82 953.42 242.13
644.78 213.95 691.38 269.19
1002.74 211.13 1094.76 245.5
968.56 196.59 1070.42 229.02
909.22 187.16 1027.19 214.73
798.71 183.67 912.18 212.61
798.71 183.67 912.18 212.61
667.88 183.41 722.52 233.73
565.77 180.45 580.14 246.87
910.17 179.06 1028.42 206.21
795.27 175.82 906.08 204.44
792.24 171.97 900.34 201.53
760.99 171.6 852.84 208.33
305.02 137.54 276.4 229.0
345.33 131.42 321.53 220.61
908.36 120.01 1015.73 144.82
880.65 102.49 989.77 125.59
521.97 83.8 519.45 160.53
1079.84 78.7 1120.42 123.52
834.92 73.96 951.35 91.24
784.89 43.6 872.94 71.09
692.81 589.39 696.03 668.92
744.11 582.63 640.43 632.03
191.99 537.53 149.07 679.45
625.4 530.84 559.72 601.37
855.98 508.26 1053.72 584.52
472.86 498.34 489.34 597.87
371.03 496.24 355.81 602.92
420.04 491.01 416.23 592.94
398.49 482.4 380.66 584.57
838.48 475.28 1025.97 545.03
474.75 471.5 462.89 566.46
272.31 463.82 226.46 569.91
457.48 461.61 443.07 557.17
462.18 457.48 447.14 551.63
379.38 451.31 348.52 550.34
241.89 450.71 191.41 557.98
459.02 445.41 444.05 539.34
484.57 440.52 463.51 532.07
490.31 437.98 469.3 529.24
233.74 436.71 185.2 542.99
945.8 435.43 1105.78 488.77
724.09 432.94 826.48 504.98
724.09 432.94 826.48 504.98
230.28 432.3 180.86 538.74
374.96 424.2 342.53 520.71
291.4 423.97 247.26 525.63
175.67 424.09 123.71 533.04
287.36 410.11 243.77 510.67
666.99 404.56 745.6 481.1
419.07 402.12 412.2 493.52
408.15 399.7 401.59 490.66
658.56 394.62 731.21 465.69
709.39 391.15 808.41 456.54
668.07 390.05 743.23 460.94
559.13 389.84 583.96 470.87
497.51 386.29 476.41 475.01
294.28 384.4 251.07 483.15
751.36 382.68 868.79 442.73
291.21 381.31 247.73 480.78
758.38 381.08 855.29 445.71
317.93 379.32 278.72 477.58
269.47 379.07 223.86 479.55
210.56 378.65 159.44 481.89
210.56 378.65 159.44 481.89
369.55 376.45 335.55 471.41
318.69 375.84 278.59 473.47
665.42 374.91 738.38 442.72
290.86 369.57 247.84 467.98
846.53 369.66 1020.29 415.71
302.1 368.03 259.61 466.24
664.91 362.42 736.5 428.46
275.06 361.25 230.18 460.74
812.15 359.48 961.38 407.89
923.01 357.54 1069.95 400.36
829.03 356.02 961.38 407.89
687.94 352.28 766.96 415.04
843.03 350.06 1007.25 393.1
843.03 350.06 1007.25 393.1
697.33 347.13 777.31 409.64
342.66 345.36 303.47 441.15
734.47 338.43 833.2 394.78
493.56 335.65 477.66 420.42
377.98 325.96 346.34 417.68
381.38 324.71 350.12 416.33
555.26 323.56 575.04 398.11
567.35 316.59 588.34 389.3
576.96 302.38 603.24 372.42
595.05 297.11 630.03 362.99
475.26 293.14 448.34 381.0
997.38 289.87 1102.59 328.38
603.39 286.72 639.09 352.54
603.39 286.72 639.09 352.54
600.44 284.45 635.31 350.37
1148.86 270.9 1199.0 310.85
697.47 266.28 767.99 318.74
671.48 256.62 733.79 310.87
682.53 251.46 749.85 303.75
1068.12 250.22 1143.04 288.16
1072.28 246.59 1146.91 283.16
555.07 233.33 567.99 303.54
675.72 231.27 738.75 282.62
730.52 209.06 813.3 251.79
595.12 201.68 619.49 265.62
602.02 199.94 626.68 265.46
722.69 196.22 807.42 235.18
642.87 194.22 688.53 249.09
658.6 193.1 711.95 244.24
656.06 190.94 708.49 242.37
959.2 188.19 1065.2 220.47
797.58 187.92 910.77 218.23
633.59 180.34 672.46 235.71
484.58 171.24 463.94 257.68
549.38 166.19 557.55 235.39
740.67 153.12 823.01 190.38
326.71 135.95 300.68 226.28
326.71 135.95 300.68 226.28
330.62 134.94 303.76 225.44
586.0 126.5 604.08 190.21
796.87 102.25 898.18 128.19
605.3 98.67 629.57 156.88
605.3 98.67 629.57 156.88
825.14 89.65 938.69 108.88
470.83 67.17 454.02 155.32
648.44 23.93 680.47 79.77
634.61 558.87 752.49 669.19
593.45 556.19 696.03 668.92
549.96 543.68 624.63 654.63
853.64 541.21 1058.12 627.49
197.0 533.42 156.91 670.23
196.4 530.56 154.85 666.24
201.4 527.3 159.44 661.33
844.12 523.38 1044.2 605.13
864.46 517.03 1081.59 594.83
510.59 509.69 537.6 610.64
848.58 509.13 1046.96 586.67
509.16 506.91 536.66 607.45
845.87 506.62 1043.66 583.7
497.15 505.04 519.28 605.94
490.45 503.89 512.02 604.84
404.03 502.84 400.77 609.67
377.06 493.49 362.6 598.9
473.56 492.15 493.61 589.41
947.82 491.35 1120.2 554.43
255.2 489.53 215.54 603.05
254.92 486.45 215.1 599.22
353.1 482.49 326.73 586.38
843.49 480.15 1034.36 550.26
948.97 478.59 1086.43 535.0
890.09 473.19 1073.58 537.52
828.55 472.81 1009.17 543.12
462.79 472.33 449.61 568.16
274.83 470.83 232.45 578.07
825.48 470.39 922.31 538.83
344.58 470.19 312.16 572.47
749.43 463.96 877.62 538.89
928.75 462.36 1097.98 522.11
460.56 462.66 445.94 556.98
894.63 461.62 1073.57 523.34
945.57 457.78 1111.6 514.99
593.55 448.76 574.43 532.98
460.34 448.34 446.11 542.3
385.09 448.52 354.93 546.36
847.35 446.74 1034.51 508.49
847.35 446.74 1034.51 508.49
355.77 446.57 569.97 581.49
840.7 444.61 1023.39 506.6
236.15 439.23 188.1 545.44
502.19 437.88 481.27 528.96
839.02 432.74 1020.46 492.35
402.52 427.23 372.6 522.77
886.4 423.83 1060.05 478.45
869.23 418.6 1047.59 473.11
379.75 412.31 348.1 508.88
841.98 408.62 1021.14 461.8
841.98 408.62 1021.14 461.8
825.25 405.07 946.73 462.41
362.89 404.97 327.36 501.75
352.93 403.12 313.7 500.58
414.34 396.68 406.59 487.76
690.34 382.8 783.89 447.29
709.8 378.56 783.89 447.29
261.91 378.37 215.87 479.34
832.96 374.47 999.66 422.91
320.71 367.5 280.45 464.9
361.98 365.52 326.98 461.69
760.88 364.83 867.0 424.01
485.91 362.54 462.32 451.1
806.21 360.87 961.38 407.89
508.34 361.04 472.01 449.95
277.42 361.02 233.93 460.89
780.45 360.43 904.64 414.84
282.3 358.64 239.8 457.59
300.22 354.89 260.69 452.62
273.7 355.15 230.6 454.07
806.96 354.71 949.89 403.39
271.11 353.26 227.86 452.71
299.9 351.99 259.48 449.97
464.69 349.03 447.44 436.69
464.69 349.03 447.44 436.69
842.01 335.11 1003.74 375.92
418.03 334.04 396.22 422.63
733.65 333.55 832.14 389.28
412.45 333.57 389.9 422.87
843.86 332.65 1005.91 373.04
290.17 331.82 247.83 431.49
565.11 330.2 587.07 404.42
574.51 328.03 602.56 399.97
692.96 326.4 769.75 384.01
584.23 317.47 612.44 388.57
403.63 307.25 379.65 394.95
735.61 265.62 827.23 317.5
839.73 259.73 987.73 289.68
790.63 259.17 910.82 296.84
996.15 251.06 1094.42 288.0
674.59 250.06 738.46 303.76
828.63 235.61 965.76 265.16
682.65 233.66 748.03 285.39
543.49 228.46 554.07 299.22
997.56 224.51 1091.39 258.73
612.74 224.1 647.66 284.96
995.46 222.54 1088.27 258.27
749.76 204.85 835.97 246.65
830.53 188.87 961.65 212.84
777.85 186.35 880.21 219.42
794.52 183.92 905.53 214.93
786.26 175.88 894.13 206.79
670.7 164.32 722.91 214.43
663.71 158.34 714.61 208.08
636.65 158.67 675.11 213.4
566.16 145.55 579.37 211.53
534.6 133.19 537.54 205.15
770.43 121.14 862.44 152.02
624.4 97.69 654.32 154.95
384.78 92.92 364.66 181.41
352.89 93.09 328.68 183.79
517.96 84.86 514.1 162.68
572.91 84.34 582.42 153.78
584.39 68.65 597.84 134.26
839.0 60.44 954.83 76.18
646.66 37.7 679.58 92.66
454.74 392.37 447.58 479.36
454.74 392.37 447.58 479.36
456.25 391.99 447.58 479.36
456.25 391.99 447.58 479.36
804.63 467.75 978.6 539.23
466.34 202.98 437.97 292.91
863.52 414.11 1047.04 469.63
536.05 333.11 550.84 413.16
343.74 438.58 310.84 537.76
277.68 322.73 235.65 420.36
694.08 229.89 762.27 280.23
688.64 203.12 752.85 251.96
763.87 187.07 863.2 222.83
882.71 128.45 997.53 152.75
372.33 376.45 339.08 470.83
316.44 330.42 273.5 430.17
587.03 293.91 620.84 359.5
587.03 293.91 620.84 359.5
164.0 269.19 115.0 364.86
872.1 99.63 983.97 120.24
433.74 339.4 413.24 426.43
560.43 311.05 580.27 384.43
383.54 291.2 350.56 382.45
1033.47 201.97 1120.83 239.81
1014.77 155.31 1095.89 190.64
587.41 455.24 632.71 544.24
572.59 448.47 604.33 533.73
332.87 345.79 293.67 442.32
352.64 342.53 316.51 436.4
188.85 290.93 142.78 390.6
692.42 266.89 762.28 317.29
692.42 266.89 762.28 317.29
449.05 238.01 431.24 320.77
833.42 235.77 977.47 266.85
829.7 84.98 948.9 96.69
927.72 485.56 1110.91 546.63
381.07 475.12 364.27 578.82
1103.51 473.1 1218.87 516.02
368.07 470.57 342.44 572.58
729.38 438.96 834.58 514.61
297.91 336.83 256.5 433.82
384.46 329.72 354.49 422.12
1151.09 297.88 1205.69 335.96
201.36 285.7 155.58 382.33
479.48 276.58 457.22 361.33
678.42 257.12 745.83 314.98
370.24 235.44 345.04 325.5
370.24 235.44 345.04 325.5
1002.59 218.98 1095.89 252.66
400.26 155.89 377.88 245.05
1156.83 121.58 1174.95 169.89
832.42 78.95 948.9 96.69
395.65 71.16 378.1 160.6
1030.58 508.23 1180.38 565.2
394.57 501.42 388.21 608.04
343.4 467.92 310.65 569.01
343.4 467.92 310.65 569.01
171.39 401.64 118.27 507.7
562.38 325.26 582.96 400.37
175.0 293.31 125.46 392.73
483.12 287.23 457.4 375.24
158.9 280.27 109.25 380.31
1063.64 247.01 1137.09 284.42
1002.65 218.67 1095.89 252.66
655.29 198.67 708.88 249.84
655.29 198.67 708.88 249.84
790.53 184.13 900.09 215.43
562.98 171.87 575.13 238.6
562.98 171.87 575.13 238.6
902.31 160.8 1017.11 186.16
911.2 156.58 1024.85 183.11
285.28 149.75 257.47 238.99
494.44 147.32 475.9 233.05
504.37 141.48 485.49 226.34
598.66 129.4 618.62 193.88
832.76 78.17 948.9 96.69
597.85 555.36 701.32 667.73
378.14 448.95 346.27 546.85
377.87 417.44 346.21 514.04
352.85 363.76 314.32 460.84
293.49 327.71 250.87 425.73
673.81 234.69 737.25 292.04
673.81 234.69 737.25 292.04
680.04 228.92 743.85 279.91
962.77 203.14 1065.36 234.81
592.27 197.7 615.5 260.81
673.38 194.64 728.88 245.32
667.37 190.71 721.45 241.96
667.37 190.71 721.45 241.96
914.25 184.23 1031.49 210.88
672.36 177.41 726.07 228.95
777.82 168.07 883.15 197.78
666.42 161.24 718.13 211.2
666.42 161.24 718.13 211.2
301.64 147.78 274.3 238.75
466.36 77.26 449.93 165.07
900.24 14.19 988.74 39.52
117.42 521.36 45.44 660.38
1028.27 453.06 1166.27 503.28
237.82 452.89 187.55 560.36
301.96 426.53 259.09 530.6
289.6 406.3 246.04 507.09
581.92 381.31 614.55 459.17
594.85 374.25 632.46 448.44
669.69 373.16 743.51 441.0
669.69 373.16 743.51 441.0
334.94 363.82 296.46 460.66
725.5 337.2 820.64 392.93
349.89 322.7 319.31 415.1
349.89 322.7 319.31 415.1
254.16 321.18 210.81 419.83
582.01 315.96 609.62 386.63
138.6 307.42 85.06 407.2
138.7 297.7 85.06 407.2
176.71 291.9 129.91 387.63
1014.83 289.72 1119.97 326.08
137.92 253.71 87.87 348.71
137.92 253.71 87.87 348.71
884.05 250.92 1020.43 281.16
677.89 248.29 742.35 301.09
1005.73 233.93 1101.34 267.82
951.91 204.75 1052.84 237.74
1011.24 204.57 1101.95 238.57
607.39 188.46 637.43 249.58
958.1 181.64 1066.44 214.31
666.04 178.14 719.24 228.87
438.96 161.47 420.43 249.64
912.2 158.63 1024.85 183.11
921.52 155.68 1035.91 183.83
294.43 156.38 266.15 243.27
478.97 149.21 459.55 234.99
584.63 143.12 602.75 207.34
348.05 105.53 323.58 195.65
570.03 33.92 576.36 106.98
894.42 21.09 987.12 46.4
555.91 8.99 561.09 81.9
163.08 534.56 107.95 677.84
183.23 530.11 135.65 666.76
183.23 530.11 135.65 666.76
366.36 482.76 340.81 585.74
705.8 469.9 809.9 549.56
346.06 463.06 309.7 564.36
701.5 458.89 801.66 537.33
568.52 443.36 601.0 529.65
710.21 429.94 810.61 501.81
723.62 424.61 824.72 495.74
412.06 424.3 381.87 519.2
366.65 424.22 332.04 521.41
373.36 419.05 339.91 516.35
362.57 410.06 326.77 505.06
257.82 405.84 211.78 508.53
667.08 400.71 744.15 472.33
667.08 400.71 744.15 472.33
366.37 386.37 331.88 481.81
577.16 377.62 627.2 450.28
365.95 374.97 330.99 470.37
286.25 372.53 243.41 471.86
838.2 369.64 1007.39 416.85
294.84 369.47 252.86 468.84
806.59 368.25 954.97 419.17
850.74 361.28 1022.97 405.66
842.41 357.07 1010.0 401.28
257.71 356.98 212.59 458.06
351.96 347.47 313.37 443.94
315.51 342.92 272.98 440.79
368.89 336.98 337.99 428.09
923.52 332.59 1064.83 372.31
664.82 329.83 732.69 393.21
222.72 329.07 176.84 430.06
576.34 324.88 604.12 396.65
341.47 311.78 313.02 403.82
599.03 298.41 634.52 366.9
601.99 291.69 637.99 358.4
599.52 277.0 634.37 343.1
498.4 275.63 479.53 360.83
1068.54 245.2 1142.58 283.06
1073.8 240.35 1147.3 278.32
1081.18 235.09 1152.48 272.62
822.36 213.82 953.42 242.13
644.78 213.95 691.38 269.19
1002.74 211.13 1094.76 245.5
968.56 196.59 1070.42 229.02
909.22 187.16 1027.19 214.73
798.71 183.67 912.18 212.61
798.71 183.67 912.18 212.61
667.88 183.41 722.52 233.73
565.77 180.45 580.14 246.87
910.17 179.06 1028.42 206.21
795.27 175.82 906.08 204.44
792.24 171.97 900.34 201.53
760.99 171.6 852.84 208.33
305.02 137.54 276.4 229.0
345.33 131.42 321.53 220.61
908.36 120.01 1015.73 144.82
343.55 108.88 320.05 200.79
880.65 102.49 989.77 125.59
521.97 83.8 519.45 160.53
834.92 73.96 951.35 91.24
784.89 43.6 872.94 71.09
692.81 589.39 696.03 668.92
625.4 530.84 559.72 601.37
855.98 508.26 1053.72 584.52
472.86 498.34 489.34 597.87
371.03 496.24 355.81 602.92
420.04 491.01 416.23 592.94
398.49 482.4 380.66 584.57
838.48 475.28 1025.97 545.03
474.75 471.5 462.89 566.46
272.31 463.82 226.46 569.91
457.48 461.61 443.07 557.17
462.18 457.48 447.14 551.63
379.38 451.31 348.52 550.34
241.89 450.71 191.41 557.98
459.02 445.41 444.05 539.34
484.57 440.52 463.51 532.07
490.31 437.98 469.3 529.24
233.74 436.71 185.2 542.99
945.8 435.43 1105.78 488.77
724.09 432.94 826.48 504.98
724.09 432.94 826.48 504.98
230.28 432.3 180.86 538.74
374.96 424.2 342.53 520.71
291.4 423.97 247.26 525.63
175.67 424.09 123.71 533.04
287.36 410.11 243.77 510.67
666.99 404.56 745.6 481.1
419.07 402.12 412.2 493.52
408.15 399.7 401.59 490.66
658.56 394.62 731.21 465.69
709.39 391.15 808.41 456.54
668.07 390.05 743.23 460.94
559.13 389.84 583.96 470.87
497.51 386.29 476.41 475.01
294.28 384.4 251.07 483.15
751.36 382.68 868.79 442.73
291.21 381.31 247.73 480.78
758.38 381.08 855.29 445.71
317.93 379.32 278.72 477.58
269.47 379.07 223.86 479.55
210.56 378.65 159.44 481.89
210.56 378.65 159.44 481.89
369.55 376.45 335.55 471.41
318.69 375.84 278.59 473.47
665.42 374.91 738.38 442.72
290.86 369.57 247.84 467.98
846.53 369.66 1020.29 415.71
302.1 368.03 259.61 466.24
664.91 362.42 736.5 428.46
275.06 361.25 230.18 460.74
812.15 359.48 961.38 407.89
923.01 357.54 1069.95 400.36
829.03 356.02 961.38 407.89
687.94 352.28 766.96 415.04
843.03 350.06 1007.25 393.1
843.03 350.06 1007.25 393.1
697.33 347.13 777.31 409.64
342.66 345.36 303.47 441.15
734.47 338.43 833.2 394.78
493.56 335.65 477.66 420.42
377.98 325.96 346.34 417.68
381.38 324.71 350.12 416.33
555.26 323.56 575.04 398.11
567.35 316.59 588.34 389.3
576.96 302.38 603.24 372.42
595.05 297.11 630.03 362.99
475.26 293.14 448.34 381.0
997.38 289.87 1102.59 328.38
603.39 286.72 639.09 352.54
603.39 286.72 639.09 352.54
600.44 284.45 635.31 350.37
1148.86 270.9 1199.0 310.85
697.47 266.28 767.99 318.74
671.48 256.62 733.79 310.87
682.53 251.46 749.85 303.75
1068.12 250.22 1143.04 288.16
1072.28 246.59 1146.91 283.16
555.07 233.33 567.99 303.54
675.72 231.27 738.75 282.62
730.52 209.06 813.3 251.79
595.12 201.68 619.49 265.62
602.02 199.94 626.68 265.46
722.69 196.22 807.42 235.18
642.87 194.22 688.53 249.09
658.6 193.1 711.95 244.24
656.06 190.94 708.49 242.37
959.2 188.19 1065.2 220.47
797.58 187.92 910.77 218.23
633.59 180.34 672.46 235.71
484.58 171.24 463.94 257.68
549.38 166.19 557.55 235.39
740.67 153.12 823.01 190.38
326.71 135.95 300.68 226.28
326.71 135.95 300.68 226.28
330.62 134.94 303.76 225.44
586.0 126.5 604.08 190.21
796.87 102.25 898.18 128.19
605.3 98.67 629.57 156.88
605.3 98.67 629.57 156.88
825.14 89.65 938.69 108.88
382.09 83.71 362.02 173.34
738.63 74.86 804.16 117.12
470.83 67.17 454.02 155.32
648.44 23.93 680.47 79.77
672.54 17.66 713.57 68.71
566.01 8.79 571.06 83.01
634.61 558.87 752.49 669.19
593.45 556.19 696.03 668.92
549.96 543.68 624.63 654.63
853.64 541.21 1058.12 627.49
196.4 530.56 154.85 666.24
201.4 527.3 159.44 661.33
844.12 523.38 1044.2 605.13
510.59 509.69 537.6 610.64
848.58 509.13 1046.96 586.67
509.16 506.91 536.66 607.45
845.87 506.62 1043.66 583.7
497.15 505.04 519.28 605.94
490.45 503.89 512.02 604.84
404.03 502.84 400.77 609.67
377.06 493.49 362.6 598.9
473.56 492.15 493.61 589.41
947.82 491.35 1120.2 554.43
255.2 489.53 215.54 603.05
254.92 486.45 215.1 599.22
353.1 482.49 326.73 586.38
843.49 480.15 1034.36 550.26
948.97 478.59 1086.43 535.0
890.09 473.19 1073.58 537.52
828.55 472.81 1009.17 543.12
462.79 472.33 449.61 568.16
274.83 470.83 232.45 578.07
825.48 470.39 922.31 538.83
344.58 470.19 312.16 572.47
749.43 463.96 877.62 538.89
928.75 462.36 1097.98 522.11
460.56 462.66 445.94 556.98
894.63 461.62 1073.57 523.34
945.57 457.78 1111.6 514.99
593.55 448.76 574.43 532.98
460.34 448.34 446.11 542.3
385.09 448.52 354.93 546.36
847.35 446.74 1034.51 508.49
847.35 446.74 1034.51 508.49
840.7 444.61 1023.39 506.6
236.15 439.23 188.1 545.44
502.19 437.88 481.27 528.96
839.02 432.74 1020.46 492.35
402.52 427.23 372.6 522.77
886.4 423.83 1060.05 478.45
869.23 418.6 1047.59 473.11
379.75 412.31 348.1 508.88
841.98 408.62 1021.14 461.8
841.98 408.62 1021.14 461.8
825.25 405.07 946.73 462.41
362.89 404.97 327.36 501.75
352.93 403.12 313.7 500.58
414.34 396.68 406.59 487.76
690.34 382.8 783.89 447.29
709.8 378.56 783.89 447.29
261.91 378.37 215.87 479.34
832.96 374.47 999.66 422.91
320.71 367.5 280.45 464.9
361.98 365.52 326.98 461.69
760.88 364.83 867.0 424.01
485.91 362.54 462.32 451.1
806.21 360.87 961.38 407.89
508.34 361.04 472.01 449.95
277.42 361.02 233.93 460.89
780.45 360.43 904.64 414.84
282.3 358.64 239.8 457.59
300.22 354.89 260.69 452.62
273.7 355.15 230.6 454.07
806.96 354.71 949.89 403.39
271.11 353.26 227.86 452.71
299.9 351.99 259.48 449.97
464.69 349.03 447.44 436.69
464.69 349.03 447.44 436.69
842.01 335.11 1003.74 375.92
418.03 334.04 396.22 422.63
733.65 333.55 832.14 389.28
412.45 333.57 389.9 422.87
843.86 332.65 1005.91 373.04
290.17 331.82 247.83 431.49
565.11 330.2 587.07 404.42
574.51 328.03 602.56 399.97
692.96 326.4 769.75 384.01
584.23 317.47 612.44 388.57
519.19 315.52 526.2 390.14
403.63 307.25 379.65 394.95
735.61 265.62 827.23 317.5
839.73 259.73 987.73 289.68
790.63 259.17 910.82 296.84
996.15 251.06 1094.42 288.0
674.59 250.06 738.46 303.76
828.63 235.61 965.76 265.16
682.65 233.66 748.03 285.39
543.49 228.46 554.07 299.22
997.56 224.51 1091.39 258.73
612.74 224.1 647.66 284.96
995.46 222.54 1088.27 258.27
749.76 204.85 835.97 246.65
755.11 201.7 864.37 231.03
830.53 188.87 961.65 212.84
777.85 186.35 880.21 219.42
794.52 183.92 905.53 214.93
786.26 175.88 894.13 206.79
670.7 164.32 722.91 214.43
663.71 158.34 714.61 208.08
636.65 158.67 675.11 213.4
566.16 145.55 579.37 211.53
534.6 133.19 537.54 205.15
770.43 121.14 862.44 152.02
624.4 97.69 654.32 154.95
384.78 92.92 364.66 181.41
352.89 93.09 328.68 183.79
517.96 84.86 514.1 162.68
572.91 84.34 582.42 153.78
584.39 68.65 597.84 134.26
839.0 60.44 954.83 76.18
758.45 51.42 831.35 87.59
646.66 37.7 679.58 92.66
642.14 14.92 671.07 72.37
454.74 392.37 447.58 479.36
454.74 392.37 447.58 479.36
456.25 391.99 447.58 479.36
456.25 391.99 447.58 479.36
804.63 467.75 978.6 539.23
466.34 202.98 437.97 292.91
863.52 414.11 1047.04 469.63
536.05 333.11 550.84 413.16
343.74 438.58 310.84 537.76
277.68 322.73 235.65 420.36
694.08 229.89 762.27 280.23
688.64 203.12 752.85 251.96
763.87 187.07 863.2 222.83
882.71 128.45 997.53 152.75
372.33 376.45 339.08 470.83
316.44 330.42 273.5 430.17
587.03 293.91 620.84 359.5
587.03 293.91 620.84 359.5
164.0 269.19 115.0 364.86
872.1 99.63 983.97 120.24
433.74 339.4 413.24 426.43
560.43 311.05 580.27 384.43
383.54 291.2 350.56 382.45
1033.47 201.97 1120.83 239.81
1014.77 155.31 1095.89 190.64
587.41 455.24 632.71 544.24
572.59 448.47 604.33 533.73
332.87 345.79 293.67 442.32
352.64 342.53 316.51 436.4
188.85 290.93 142.78 390.6
692.42 266.89 762.28 317.29
692.42 266.89 762.28 317.29
449.05 238.01 431.24 320.77
833.42 235.77 977.47 266.85
829.7 84.98 948.9 96.69
927.72 485.56 1110.91 546.63
381.07 475.12 364.27 578.82
1103.51 473.1 1218.87 516.02
368.07 470.57 342.44 572.58
729.38 438.96 834.58 514.61
297.91 336.83 256.5 433.82
384.46 329.72 354.49 422.12
1151.09 297.88 1205.69 335.96
201.36 285.7 155.58 382.33
479.48 276.58 457.22 361.33
678.42 257.12 745.83 314.98
370.24 235.44 345.04 325.5
370.24 235.44 345.04 325.5
1002.59 218.98 1095.89 252.66
400.26 155.89 377.88 245.05
1156.83 121.58 1174.95 169.89
832.42 78.95 948.9 96.69
395.65 71.16 378.1 160.6
1030.58 508.23 1180.38 565.2
394.57 501.42 388.21 608.04
343.4 467.92 310.65 569.01
343.4 467.92 310.65 569.01
171.39 401.64 118.27 507.7
562.38 325.26 582.96 400.37
175.0 293.31 125.46 392.73
483.12 287.23 457.4 375.24
158.9 280.27 109.25 380.31
1063.64 247.01 1137.09 284.42
1002.65 218.67 1095.89 252.66
655.29 198.67 708.88 249.84
655.29 198.67 708.88 249.84
790.53 184.13 900.09 215.43
562.98 171.87 575.13 238.6
562.98 171.87 575.13 238.6
902.31 160.8 1017.11 186.16
911.2 156.58 1024.85 183.11
285.28 149.75 257.47 238.99
494.44 147.32 475.9 233.05
504.37 141.48 485.49 226.34
598.66 129.4 618.62 193.88
832.76 78.17 948.9 96.69
597.85 555.36 701.32 667.73
378.14 448.95 346.27 546.85
377.87 417.44 346.21 514.04
352.85 363.76 314.32 460.84
293.49 327.71 250.87 425.73
673.81 234.69 737.25 292.04
673.81 234.69 737.25 292.04
680.04 228.92 743.85 279.91
962.77 203.14 1065.36 234.81
592.27 197.7 615.5 260.81
673.38 194.64 728.88 245.32
667.37 190.71 721.45 241.96
667.37 190.71 721.45 241.96
914.25 184.23 1031.49 210.88
672.36 177.41 726.07 228.95
777.82 168.07 883.15 197.78
666.42 161.24 718.13 211.2
666.42 161.24 718.13 211.2
301.64 147.78 274.3 238.75
466.36 77.26 449.93 165.07
900.24 14.19 988.74 39.52
117.42 521.36 45.44 660.38
1028.27 453.06 1166.27 503.28
237.82 452.89 187.55 560.36
301.96 426.53 259.09 530.6
289.6 406.3 246.04 507.09
581.92 381.31 614.55 459.17
594.85 374.25 632.46 448.44
669.69 373.16 743.51 441.0
669.69 373.16 743.51 441.0
334.94 363.82 296.46 460.66
725.5 337.2 820.64 392.93
349.89 322.7 319.31 415.1
349.89 322.7 319.31 415.1
254.16 321.18 210.81 419.83
582.01 315.96 609.62 386.63
138.6 307.42 85.06 407.2
138.7 297.7 85.06 407.2
176.71 291.9 129.91 387.63
1014.83 289.72 1119.97 326.08
137.92 253.71 87.87 348.71
137.92 253.71 87.87 348.71
884.05 250.92 1020.43 281.16
677.89 248.29 742.35 301.09
1005.73 233.93 1101.34 267.82
951.91 204.75 1052.84 237.74
1011.24 204.57 1101.95 238.57
607.39 188.46 637.43 249.58
958.1 181.64 1066.44 214.31
666.04 178.14 719.24 228.87
438.96 161.47 420.43 249.64
912.2 158.63 1024.85 183.11
921.52 155.68 1035.91 183.83
294.43 156.38 266.15 243.27
478.97 149.21 459.55 234.99
584.63 143.12 602.75 207.34
348.05 105.53 323.58 195.65
570.03 33.92 576.36 106.98
894.42 21.09 987.12 46.4
555.91 8.99 561.09 81.9
163.08 534.56 107.95 677.84
183.23 530.11 135.65 666.76
183.23 530.11 135.65 666.76
366.36 482.76 340.81 585.74
705.8 469.9 809.9 549.56
346.06 463.06 309.7 564.36
701.5 458.89 801.66 537.33
568.52 443.36 601.0 529.65
710.21 429.94 810.61 501.81
723.62 424.61 824.72 495.74
412.06 424.3 381.87 519.2
366.65 424.22 332.04 521.41
373.36 419.05 339.91 516.35
362.57 410.06 326.77 505.06
257.82 405.84 211.78 508.53
667.08 400.71 744.15 472.33
667.08 400.71 744.15 472.33
366.37 386.37 331.88 481.81
577.16 377.62 627.2 450.28
365.95 374.97 330.99 470.37
286.25 372.53 243.41 471.86
838.2 369.64 1007.39 416.85
294.84 369.47 252.86 468.84
806.59 368.25 954.97 419.17
850.74 361.28 1022.97 405.66
842.41 357.07 1010.0 401.28
257.71 356.98 212.59 458.06
351.96 347.47 313.37 443.94
315.51 342.92 272.98 440.79
368.89 336.98 337.99 428.09
923.52 332.59 1064.83 372.31
664.82 329.83 732.69 393.21
222.72 329.07 176.84 430.06
576.34 324.88 604.12 396.65
341.47 311.78 313.02 403.82
599.03 298.41 634.52 366.9
601.99 291.69 637.99 358.4
599.52 277.0 634.37 343.1
498.4 275.63 479.53 360.83
1068.54 245.2 1142.58 283.06
1073.8 240.35 1147.3 278.32
1081.18 235.09 1152.48 272.62
822.36 213.82 953.42 242.13
644.78 213.95 691.38 269.19
1002.74 211.13 1094.76 245.5
968.56 196.59 1070.42 229.02
909.22 187.16 1027.19 214.73
798.71 183.67 912.18 212.61
798.71 183.67 912.18 212.61
667.88 183.41 722.52 233.73
565.77 180.45 580.14 246.87
910.17 179.06 1028.42 206.21
795.27 175.82 906.08 204.44
792.24 171.97 900.34 201.53
760.99 171.6 852.84 208.33
305.02 137.54 276.4 229.0
345.33 131.42 321.53 220.61
908.36 120.01 1015.73 144.82
343.55 108.88 320.05 200.79
880.65 102.49 989.77 125.59
521.97 83.8 519.45 160.53
834.92 73.96 951.35 91.24
784.89 43.6 872.94 71.09
692.81 589.39 696.03 668.92
625.4 530.84 559.72 601.37
855.98 508.26 1053.72 584.52
472.86 498.34 489.34 597.87
371.03 496.24 355.81 602.92
420.04 491.01 416.23 592.94
398.49 482.4 380.66 584.57
838.48 475.28 1025.97 545.03
474.75 471.5 462.89 566.46
272.31 463.82 226.46 569.91
457.48 461.61 443.07 557.17
462.18 457.48 447.14 551.63
379.38 451.31 348.52 550.34
241.89 450.71 191.41 557.98
459.02 445.41 444.05 539.34
484.57 440.52 463.51 532.07
490.31 437.98 469.3 529.24
233.74 436.71 185.2 542.99
945.8 435.43 1105.78 488.77
724.09 432.94 826.48 504.98
724.09 432.94 826.48 504.98
230.28 432.3 180.86 538.74
374.96 424.2 342.53 520.71
291.4 423.97 247.26 525.63
175.67 424.09 123.71 533.04
287.36 410.11 243.77 510.67
666.99 404.56 745.6 481.1
419.07 402.12 412.2 493.52
408.15 399.7 401.59 490.66
658.56 394.62 731.21 465.69
709.39 391.15 808.41 456.54
668.07 390.05 743.23 460.94
559.13 389.84 583.96 470.87
497.51 386.29 476.41 475.01
294.28 384.4 251.07 483.15
751.36 382.68 868.79 442.73
291.21 381.31 247.73 480.78
758.38 381.08 855.29 445.71
317.93 379.32 278.72 477.58
269.47 379.07 223.86 479.55
210.56 378.65 159.44 481.89
210.56 378.65 159.44 481.89
369.55 376.45 335.55 471.41
318.69 375.84 278.59 473.47
665.42 374.91 738.38 442.72
290.86 369.57 247.84 467.98
846.53 369.66 1020.29 415.71
302.1 368.03 259.61 466.24
664.91 362.42 736.5 428.46
275.06 361.25 230.18 460.74
812.15 359.48 961.38 407.89
923.01 357.54 1069.95 400.36
829.03 356.02 961.38 407.89
687.94 352.28 766.96 415.04
843.03 350.06 1007.25 393.1
843.03 350.06 1007.25 393.1
697.33 347.13 777.31 409.64
342.66 345.36 303.47 441.15
734.47 338.43 833.2 394.78
493.56 335.65 477.66 420.42
377.98 325.96 346.34 417.68
381.38 324.71 350.12 416.33
555.26 323.56 575.04 398.11
567.35 316.59 588.34 389.3
576.96 302.38 603.24 372.42
595.05 297.11 630.03 362.99
475.26 293.14 448.34 381.0
997.38 289.87 1102.59 328.38
603.39 286.72 639.09 352.54
603.39 286.72 639.09 352.54
600.44 284.45 635.31 350.37
1148.86 270.9 1199.0 310.85
697.47 266.28 767.99 318.74
671.48 256.62 733.79 310.87
682.53 251.46 749.85 303.75
1068.12 250.22 1143.04 288.16
1072.28 246.59 1146.91 283.16
555.07 233.33 567.99 303.54
675.72 231.27 738.75 282.62
730.52 209.06 813.3 251.79
595.12 201.68 619.49 265.62
602.02 199.94 626.68 265.46
722.69 196.22 807.42 235.18
642.87 194.22 688.53 249.09
658.6 193.1 711.95 244.24
656.06 190.94 708.49 242.37
959.2 188.19 1065.2 220.47
797.58 187.92 910.77 218.23
633.59 180.34 672.46 235.71
484.58 171.24 463.94 257.68
549.38 166.19 557.55 235.39
740.67 153.12 823.01 190.38
326.71 135.95 300.68 226.28
326.71 135.95 300.68 226.28
330.62 134.94 303.76 225.44
586.0 126.5 604.08 190.21
796.87 102.25 898.18 128.19
605.3 98.67 629.57 156.88
605.3 98.67 629.57 156.88
825.14 89.65 938.69 108.88
382.09 83.71 362.02 173.34
738.63 74.86 804.16 117.12
470.83 67.17 454.02 155.32
648.44 23.93 680.47 79.77
672.54 17.66 713.57 68.71
566.01 8.79 571.06 83.01
634.61 558.87 752.49 669.19
593.45 556.19 696.03 668.92
549.96 543.68 624.63 654.63
853.64 541.21 1058.12 627.49
196.4 530.56 154.85 666.24
201.4 527.3 159.44 661.33
844.12 523.38 1044.2 605.13
510.59 509.69 537.6 610.64
848.58 509.13 1046.96 586.67
509.16 506.91 536.66 607.45
845.87 506.62 1043.66 583.7
497.15 505.04 519.28 605.94
490.45 503.89 512.02 604.84
404.03 502.84 400.77 609.67
377.06 493.49 362.6 598.9
473.56 492.15 493.61 589.41
947.82 491.35 1120.2 554.43
255.2 489.53 215.54 603.05
254.92 486.45 215.1 599.22
353.1 482.49 326.73 586.38
843.49 480.15 1034.36 550.26
948.97 478.59 1086.43 535.0
890.09 473.19 1073.58 537.52
828.55 472.81 1009.17 543.12
462.79 472.33 449.61 568.16
274.83 470.83 232.45 578.07
825.48 470.39 922.31 538.83
344.58 470.19 312.16 572.47
749.43 463.96 877.62 538.89
928.75 462.36 1097.98 522.11
460.56 462.66 445.94 556.98
894.63 461.62 1073.57 523.34
945.57 457.78 1111.6 514.99
593.55 448.76 574.43 532.98
460.34 448.34 446.11 542.3
385.09 448.52 354.93 546.36
847.35 446.74 1034.51 508.49
847.35 446.74 1034.51 508.49
840.7 444.61 1023.39 506.6
236.15 439.23 188.1 545.44
502.19 437.88 481.27 528.96
839.02 432.74 1020.46 492.35
402.52 427.23 372.6 522.77
886.4 423.83 1060.05 478.45
869.23 418.6 1047.59 473.11
379.75 412.31 348.1 508.88
841.98 408.62 1021.14 461.8
841.98 408.62 1021.14 461.8
825.25 405.07 946.73 462.41
362.89 404.97 327.36 501.75
352.93 403.12 313.7 500.58
414.34 396.68 406.59 487.76
690.34 382.8 783.89 447.29
709.8 378.56 783.89 447.29
261.91 378.37 215.87 479.34
832.96 374.47 999.66 422.91
320.71 367.5 280.45 464.9
361.98 365.52 326.98 461.69
760.88 364.83 867.0 424.01
485.91 362.54 462.32 451.1
806.21 360.87 961.38 407.89
508.34 361.04 472.01 449.95
277.42 361.02 233.93 460.89
780.45 360.43 904.64 414.84
282.3 358.64 239.8 457.59
300.22 354.89 260.69 452.62
273.7 355.15 230.6 454.07
806.96 354.71 949.89 403.39
271.11 353.26 227.86 452.71
299.9 351.99 259.48 449.97
464.69 349.03 447.44 436.69
464.69 349.03 447.44 436.69
842.01 335.11 1003.74 375.92
418.03 334.04 396.22 422.63
733.65 333.55 832.14 389.28
412.45 333.57 389.9 422.87
843.86 332.65 1005.91 373.04
290.17 331.82 247.83 431.49
565.11 330.2 587.07 404.42
574.51 328.03 602.56 399.97
692.96 326.4 769.75 384.01
584.23 317.47 612.44 388.57
519.19 315.52 526.2 390.14
403.63 307.25 379.65 394.95
735.61 265.62 827.23 317.5
839.73 259.73 987.73 289.68
790.63 259.17 910.82 296.84
996.15 251.06 1094.42 288.0
674.59 250.06 738.46 303.76
828.63 235.61 965.76 265.16
682.65 233.66 748.03 285.39
543.49 228.46 554.07 299.22
997.56 224.51 1091.39 258.73
612.74 224.1 647.66 284.96
995.46 222.54 1088.27 258.27
749.76 204.85 835.97 246.65
755.11 201.7 864.37 231.03
830.53 188.87 961.65 212.84
777.85 186.35 880.21 219.42
794.52 183.92 905.53 214.93
786.26 175.88 894.13 206.79
670.7 164.32 722.91 214.43
663.71 158.34 714.61 208.08
636.65 158.67 675.11 213.4
566.16 145.55 579.37 211.53
534.6 133.19 537.54 205.15
770.43 121.14 862.44 152.02
624.4 97.69 654.32 154.95
384.78 92.92 364.66 181.41
352.89 93.09 328.68 183.79
517.96 84.86 514.1 162.68
572.91 84.34 582.42 153.78
584.39 68.65 597.84 134.26
839.0 60.44 954.83 76.18
758.45 51.42 831.35 87.59
646.66 37.7 679.58 92.66
642.14 14.92 671.07 72.37
