560.58 567.89 475.65 567.79
556.66 433.81 470.51 413.56
328.66 304.41 145.75 237.85
388.92 512.39 208.66 502.46
744.97 323.74 741.41 287.27
831.12 276.41 863.71 236.9
703.9 530.47 684.79 518.62
363.36 481.84 174.97 466.34
433.67 442.41 280.7 421.13
583.23 411.99 509.54 384.5
821.78 407.55 838.08 383.63
621.03 388.65 567.47 356.2
744.35 360.88 739.65 323.77
744.35 360.88 739.65 323.77
759.58 341.44 757.92 307.84
728.86 355.02 722.51 321.03
728.86 355.02 722.51 321.03
857.83 285.78 899.71 247.6
760.72 103.37 552.22 195.48
373.47 566.07 186.31 567.73
600.16 554.23 530.39 548.67
600.16 554.23 530.39 548.67
724.4 483.08 714.74 464.98
865.67 420.23 906.12 392.57
838.21 413.14 867.8 387.56
854.35 265.3 896.41 222.56
607.44 250.65 517.37 223.81
633.22 226.17 587.73 174.29
629.34 215.01 582.6 160.51
774.41 102.34 527.58 226.32
484.45 580.06 343.69 583.32
366.41 556.82 176.33 556.4
405.26 548.21 229.66 545.28
588.27 487.51 514.78 469.16
586.23 437.48 512.3 414.2
585.75 427.26 511.94 402.2
326.69 403.83 134.33 363.81
363.83 385.9 190.69 343.15
482.98 377.4 343.9 351.12
625.89 296.49 505.96 292.95
697.8 293.89 681.7 249.87
697.8 293.89 681.7 249.87
861.97 272.48 904.76 232.44
861.97 272.48 904.76 232.44
608.52 248.13 517.37 223.81
402.44 583.38 235.0 587.75
605.59 490.32 540.49 474.27
341.18 470.13 137.13 455.19
609.62 415.38 547.0 388.18
468.83 394.04 320.61 371.83
618.73 297.67 562.66 256.27
710.19 286.53 697.14 243.15
704.99 282.04 690.3 237.3
593.77 273.31 527.58 226.32
846.93 256.37 888.74 212.25
343.32 229.4 170.73 144.57
247.57 224.95 22.33 112.43
349.43 219.01 182.01 136.12
531.9 195.58 440.53 135.39
708.86 193.13 696.58 138.18
606.7 173.05 517.19 141.24
713.07 129.49 703.61 70.2
814.19 17.91 588.91 147.11
814.19 17.91 588.91 147.11
870.32 659.92 694.61 643.75
507.94 577.1 373.23 579.14
261.28 575.87 14.01 582.76
613.27 549.73 550.49 545.33
274.04 514.12 35.74 505.74
340.19 510.73 133.05 503.6
271.21 509.04 31.27 499.38
284.66 481.58 54.49 465.19
743.17 455.17 738.87 432.91
609.31 423.64 546.26 399.66
341.58 418.9 148.47 383.44
274.4 417.51 42.17 386.0
261.65 412.65 20.51 377.03
631.07 411.87 579.84 383.97
875.21 405.82 921.82 376.99
634.76 390.66 585.51 359.55
785.23 342.62 798.15 306.89
580.86 333.61 567.31 260.58
601.17 313.52 505.96 292.95
708.42 275.37 694.7 229.76
599.86 273.32 505.47 248.51
586.48 268.29 552.22 195.48
769.05 254.12 779.53 209.23
720.93 215.36 712.94 163.92
634.55 197.39 591.31 140.96
728.52 187.31 721.82 136.0
765.98 117.3 553.83 210.79
873.91 101.19 922.12 47.76
749.99 83.7 753.68 22.37
758.84 75.02 767.27 13.28
809.13 47.77 762.38 38.68
734.82 28.65 509.83 155.78
743.17 10.47 513.64 148.06
219.92 622.98 489.97 169.94
473.76 584.69 332.27 588.15
255.34 578.84 7.17 586.61
261.28 575.74 14.01 582.76
1083.37 552.92 1060.21 550.92
372.32 552.83 185.08 551.92
613.4 549.67 550.49 545.33
613.4 549.67 550.49 545.33
520.58 541.34 377.35 538.77
353.99 540.58 155.54 539.24
257.94 535.99 9.36 532.55
253.58 534.67 9.36 532.55
364.24 531.27 172.78 527.04
274.22 531.29 34.33 526.75
354.68 530.48 157.48 526.75
362.15 526.65 169.6 521.22
362.15 526.65 169.6 521.22
372.9 515.25 188.04 507.46
339.97 510.63 133.05 503.6
365.45 503.04 175.69 492.41
772.68 492.26 786.52 473.16
306.17 482.37 87.08 467.13
356.26 480.98 161.98 468.25
307.39 477.68 89.31 461.18
478.27 469.31 329.65 458.96
285.19 455.03 57.77 430.98
604.41 424.62 539.98 398.53
578.39 424.69 502.5 399.58
870.83 422.47 915.71 396.21
274.55 417.51 42.17 386.0
576.94 406.99 501.78 378.98
614.42 405.37 552.15 377.0
474.55 391.23 328.06 369.01
632.63 382.36 583.64 349.93
871.01 378.83 916.28 349.59
1262.83 353.09 530.83 469.18
718.97 351.06 707.01 313.55
575.78 333.87 564.4 256.94
739.78 310.57 738.02 270.86
619.99 298.72 564.4 256.94
634.8 291.45 515.78 290.27
846.35 280.94 880.56 242.22
872.35 270.74 918.83 230.47
867.65 263.11 911.93 221.98
324.73 258.09 139.27 183.3
598.35 254.77 533.12 207.15
702.02 251.91 686.93 203.76
845.4 250.23 889.37 205.45
746.1 248.31 745.44 201.03
606.67 231.03 517.18 203.16
726.04 217.27 718.55 168.47
250.87 216.51 25.79 103.09
729.39 210.63 724.3 158.72
1227.6 164.9 798.15 306.89
906.45 163.62 965.25 116.41
880.03 162.71 864.54 148.45
702.63 126.4 688.45 66.3
692.75 126.08 676.76 63.77
717.74 116.94 709.84 56.49
716.54 106.12 709.92 43.12
892.6 101.52 946.38 50.01
776.77 100.22 529.19 224.95
797.35 86.53 746.39 77.08
763.11 69.89 521.41 199.17
737.73 24.52 551.11 119.11
646.45 24.67 453.57 119.83
736.82 19.23 509.37 151.39
816.14 14.52 588.91 147.11
816.14 14.52 588.91 147.11
746.36 14.44 515.62 150.68
807.38 9.67 582.99 141.57
180.16 669.81 245.4 384.36
400.36 594.33 259.1 621.2
462.14 580.78 315.98 584.1
335.47 580.5 136.96 586.52
475.13 580.0 332.42 582.98
470.51 579.46 327.84 581.81
152.58 577.48 829.01 392.87
312.91 563.52 92.14 567.4
485.13 543.74 333.87 542.74
401.48 530.85 224.42 526.05
370.02 519.12 183.47 511.65
626.17 515.2 500.15 514.11
422.59 505.11 285.02 490.0
722.86 502.71 713.76 486.83
582.43 497.89 506.74 483.46
727.24 496.74 720.32 479.45
711.04 496.25 698.02 478.87
730.84 496.21 724.92 478.78
882.59 494.42 942.1 484.13
728.85 492.99 721.32 475.06
910.66 490.31 754.02 489.21
818.47 482.61 847.87 462.51
614.46 480.48 516.98 471.96
800.93 471.95 779.42 458.17
482.06 467.02 334.08 455.16
265.0 465.34 24.33 442.02
853.24 464.22 750.45 466.43
259.22 460.38 16.44 435.91
781.05 449.27 769.32 430.66
929.64 448.31 970.99 427.85
916.19 447.53 937.26 429.99
934.7 447.22 937.31 433.67
939.82 446.19 964.39 429.04
725.68 434.84 715.14 409.8
802.42 433.93 821.53 408.42
802.42 433.93 821.53 408.42
801.5 428.16 819.93 402.34
748.45 420.6 745.88 394.87
591.16 416.98 518.1 390.18
627.82 409.76 575.9 381.46
611.65 402.97 549.39 374.49
578.79 402.29 502.28 374.45
627.3 394.94 575.11 363.91
617.59 379.77 566.01 345.35
627.25 374.72 577.21 340.54
749.2 359.77 745.7 326.54
866.9 358.37 911.61 327.13
770.03 350.79 854.29 288.61
732.97 345.31 727.75 308.89
732.97 345.31 727.75 308.89
722.84 345.14 713.83 309.53
566.52 339.27 487.82 301.37
724.32 337.76 717.02 298.84
801.8 335.56 745.7 326.54
752.47 329.46 748.3 294.24
731.81 327.92 726.03 289.67
770.35 323.85 779.47 285.51
622.15 302.0 501.23 299.7
863.25 301.43 907.0 263.32
820.88 298.03 779.47 285.51
291.93 291.46 87.52 217.64
679.78 290.95 746.85 200.01
844.31 290.43 794.13 285.19
639.53 288.3 595.09 243.18
852.87 282.28 892.6 243.94
852.87 282.28 892.6 243.94
728.57 280.1 845.26 176.57
855.21 279.12 895.74 239.13
308.28 277.28 116.62 199.24
441.41 275.35 305.9 227.14
579.52 263.38 579.06 161.12
984.93 261.62 1010.41 240.29
610.73 260.43 520.89 233.77
588.74 249.41 521.41 199.17
354.4 246.56 186.06 171.6
640.62 241.11 598.25 190.2
607.8 239.87 518.26 212.44
625.9 238.36 539.64 213.66
621.05 231.52 532.75 206.93
607.07 230.36 550.32 177.24
804.66 229.99 827.01 184.44
565.75 224.32 489.97 169.94
654.5 222.38 618.72 170.01
608.94 218.98 505.08 202.94
628.38 214.0 579.06 161.12
614.31 213.07 576.97 146.4
842.87 202.04 881.43 154.3
632.31 193.61 588.06 137.78
604.54 177.16 513.64 148.06
888.12 176.62 804.94 195.95
868.89 167.57 899.04 127.27
554.61 160.05 453.57 119.83
627.45 149.91 513.64 148.06
843.35 147.48 880.89 96.65
730.28 144.68 529.19 224.95
842.1 139.8 879.11 88.0
708.04 132.53 696.96 72.97
835.13 130.12 870.17 77.15
846.11 124.7 885.0 71.37
721.11 121.16 713.77 62.66
675.52 115.43 650.78 52.73
711.7 111.3 702.93 49.8
893.45 109.27 947.86 58.71
847.38 104.77 885.79 50.98
847.38 104.77 885.79 50.98
780.42 101.69 566.57 202.01
870.22 97.02 917.38 43.77
876.83 96.03 925.95 42.67
623.37 87.93 575.29 20.07
632.8 86.55 590.31 18.68
890.2 85.63 943.62 33.22
627.07 82.91 582.79 12.87
858.29 82.28 901.47 27.07
853.53 77.92 895.76 22.07
888.36 77.61 941.83 24.01
729.89 32.93 505.97 158.87
922.28 742.36 629.63 685.55
468.0 603.85 337.84 610.25
484.88 588.03 351.76 591.91
969.19 578.7 1050.13 577.93
509.17 577.99 374.07 580.46
525.08 570.44 389.0 572.38
781.44 565.89 794.33 566.8
462.12 561.91 316.54 561.73
455.4 557.99 307.55 558.54
371.8 558.05 183.77 558.97
460.03 556.07 313.27 554.8
374.61 556.04 186.93 556.59
339.49 553.5 129.07 555.51
229.99 552.93 1142.26 404.08
598.02 547.34 822.3 549.47
612.54 545.96 550.95 539.02
930.26 545.26 903.89 536.07
460.09 544.54 314.09 542.52
1034.58 524.14 906.04 525.43
662.37 511.24 628.34 497.06
657.08 509.4 562.54 504.49
341.33 507.12 134.19 499.01
699.95 504.59 631.8 496.85
712.26 502.42 697.89 486.44
690.32 495.07 628.81 484.8
690.32 495.07 628.81 484.8
821.28 494.39 800.07 487.58
411.82 494.08 246.21 481.63
230.56 488.04 584.68 944.98
722.32 486.23 711.77 467.74
738.05 485.08 622.34 485.88
600.67 484.48 530.83 469.18
842.57 482.04 837.12 467.74
719.06 480.17 708.22 460.94
856.65 479.28 837.12 467.74
873.71 474.01 854.66 463.1
339.94 472.51 134.79 458.08
523.36 464.09 384.57 455.36
835.91 461.87 866.32 439.7
520.94 457.56 381.47 446.44
831.49 455.48 862.45 431.82
465.2 453.85 325.74 435.39
275.64 452.24 41.39 427.25
847.94 450.01 885.71 426.36
847.94 450.01 885.71 426.36
834.5 450.17 866.21 426.69
833.76 447.69 865.41 423.41
814.29 446.65 838.87 422.48
894.21 444.24 862.02 435.24
873.19 440.03 917.38 415.02
873.19 440.03 917.38 415.02
870.54 438.34 914.05 413.31
830.97 438.38 789.39 428.82
832.41 435.9 880.74 406.76
591.98 434.88 518.54 411.12
890.29 433.7 942.12 408.23
590.28 430.66 516.48 407.04
588.91 428.36 515.72 404.25
870.06 426.27 912.59 400.32
945.66 424.85 1013.66 398.86
893.23 422.43 944.55 396.03
617.98 420.7 559.92 393.86
612.53 420.36 516.48 407.04
612.53 420.36 516.48 407.04
611.86 417.56 515.72 404.25
628.41 415.95 575.64 388.59
642.92 415.77 597.66 388.42
616.3 415.87 555.83 389.15
620.06 413.82 563.5 386.31
716.64 406.83 704.73 377.65
604.11 401.93 540.37 372.91
604.11 401.93 540.37 372.91
938.71 398.03 1005.09 369.22
911.87 395.88 969.28 366.88
637.54 394.0 589.62 363.46
877.73 391.35 923.62 362.13
514.8 382.58 376.81 365.91
887.94 381.54 938.28 351.19
625.86 378.54 574.82 345.71
621.5 377.55 570.04 343.59
895.3 376.14 948.47 345.25
905.05 374.52 960.57 344.1
901.24 374.05 955.31 343.48
890.19 372.74 941.21 341.62
916.55 371.74 976.12 340.89
584.79 364.13 458.41 358.76
581.61 363.24 450.85 360.03
900.59 361.4 955.23 329.49
751.92 361.13 749.02 328.46
896.94 360.66 950.92 328.52
750.17 356.45 820.39 296.96
914.76 356.07 973.86 324.07
932.86 353.15 997.9 320.85
727.99 347.25 719.61 311.36
922.99 344.6 985.27 311.36
730.91 342.83 725.26 306.29
789.66 339.65 804.37 305.02
932.85 335.48 998.37 301.93
752.58 335.59 749.33 301.28
803.15 331.81 820.39 296.96
583.78 332.24 728.23 167.35
818.47 330.53 764.56 322.41
822.85 328.67 769.33 321.02
735.23 327.67 730.16 290.09
876.77 325.22 978.04 271.06
564.18 324.19 485.87 285.69
723.5 324.24 716.04 286.12
828.58 323.57 854.29 288.61
841.74 317.22 788.5 311.38
769.89 317.12 773.08 280.78
736.01 313.31 730.75 274.32
806.33 308.92 749.33 301.28
614.32 308.74 523.5 287.3
810.26 295.85 784.76 276.08
921.44 294.61 982.31 257.81
714.1 289.09 701.66 246.57
698.11 286.53 682.97 241.29
835.33 282.98 784.76 276.08
588.51 280.63 520.89 233.77
857.24 274.66 898.78 234.47
846.19 274.38 881.27 234.44
563.14 274.02 485.52 226.32
568.18 271.08 491.67 222.65
868.2 270.29 912.56 230.12
601.92 267.9 508.52 242.64
601.92 267.9 508.52 242.64
870.29 266.63 915.52 226.23
873.71 261.94 919.74 221.41
865.02 260.45 908.98 219.14
609.23 256.99 551.52 208.37
587.99 253.48 554.15 179.07
585.44 252.54 550.32 177.24
621.46 249.7 503.17 246.58
643.23 248.89 705.06 132.08
625.93 245.1 508.52 242.64
617.97 242.89 529.34 218.44
898.01 242.47 953.44 200.49
624.78 242.4 538.51 217.66
354.55 242.4 186.21 166.13
552.05 240.8 469.23 188.01
631.48 239.99 513.88 238.65
607.4 229.25 550.32 177.24
357.58 229.09 190.7 151.62
720.05 220.58 711.63 170.41
825.11 216.98 856.47 170.34
418.53 205.72 270.43 157.76
535.15 199.67 445.16 140.28
532.64 199.44 441.85 140.02
532.64 199.44 441.85 140.02
562.0 190.6 485.96 129.61
650.44 168.65 614.58 110.21
559.7 168.12 484.05 104.47
614.48 162.39 527.47 133.33
643.28 135.9 604.6 73.49
743.46 132.17 811.37 27.47
668.46 129.75 640.27 67.66
896.58 126.68 951.8 76.67
612.6 117.15 498.89 111.51
672.73 114.99 647.03 51.8
764.25 112.45 551.52 208.37
728.58 104.51 740.02 32.19
777.64 96.52 564.53 196.68
892.89 67.78 694.62 160.17
816.7 66.46 809.56 32.44
813.41 41.37 762.38 38.68
560.58 567.89 475.65 567.79
556.66 433.81 470.51 413.56
328.66 304.41 145.75 237.85
388.92 512.39 208.66 502.46
744.97 323.74 741.41 287.27
831.12 276.41 863.71 236.9
703.9 530.47 684.79 518.62
363.36 481.84 174.97 466.34
433.67 442.41 280.7 421.13
583.23 411.99 509.54 384.5
821.78 407.55 838.08 383.63
621.03 388.65 567.47 356.2
744.35 360.88 739.65 323.77
744.35 360.88 739.65 323.77
759.58 341.44 757.92 307.84
728.86 355.02 722.51 321.03
728.86 355.02 722.51 321.03
857.83 285.78 899.71 247.6
760.72 103.37 552.22 195.48
373.47 566.07 186.31 567.73
600.16 554.23 530.39 548.67
600.16 554.23 530.39 548.67
724.4 483.08 714.74 464.98
865.67 420.23 906.12 392.57
838.21 413.14 867.8 387.56
854.35 265.3 896.41 222.56
607.44 250.65 517.37 223.81
633.22 226.17 587.73 174.29
629.34 215.01 582.6 160.51
774.41 102.34 527.58 226.32
484.45 580.06 343.69 583.32
366.41 556.82 176.33 556.4
405.26 548.21 229.66 545.28
588.27 487.51 514.78 469.16
586.23 437.48 512.3 414.2
585.75 427.26 511.94 402.2
326.69 403.83 134.33 363.81
363.83 385.9 190.69 343.15
482.98 377.4 343.9 351.12
625.89 296.49 505.96 292.95
697.8 293.89 681.7 249.87
697.8 293.89 681.7 249.87
861.97 272.48 904.76 232.44
861.97 272.48 904.76 232.44
608.52 248.13 517.37 223.81
402.44 583.38 235.0 587.75
605.59 490.32 540.49 474.27
341.18 470.13 137.13 455.19
609.62 415.38 547.0 388.18
468.83 394.04 320.61 371.83
618.73 297.67 562.66 256.27
710.19 286.53 697.14 243.15
704.99 282.04 690.3 237.3
593.77 273.31 527.58 226.32
846.93 256.37 888.74 212.25
343.32 229.4 170.73 144.57
247.57 224.95 22.33 112.43
349.43 219.01 182.01 136.12
531.9 195.58 440.53 135.39
708.86 193.13 696.58 138.18
606.7 173.05 517.19 141.24
713.07 129.49 703.61 70.2
814.19 17.91 588.91 147.11
814.19 17.91 588.91 147.11
870.32 659.92 694.61 643.75
507.94 577.1 373.23 579.14
261.28 575.87 14.01 582.76
613.27 549.73 550.49 545.33
274.04 514.12 35.74 505.74
340.19 510.73 133.05 503.6
271.21 509.04 31.27 499.38
284.66 481.58 54.49 465.19
743.17 455.17 738.87 432.91
609.31 423.64 546.26 399.66
341.58 418.9 148.47 383.44
274.4 417.51 42.17 386.0
261.65 412.65 20.51 377.03
631.07 411.87 579.84 383.97
875.21 405.82 921.82 376.99
634.76 390.66 585.51 359.55
785.23 342.62 798.15 306.89
580.86 333.61 567.31 260.58
601.17 313.52 505.96 292.95
708.42 275.37 694.7 229.76
599.86 273.32 505.47 248.51
586.48 268.29 552.22 195.48
769.05 254.12 779.53 209.23
720.93 215.36 712.94 163.92
634.55 197.39 591.31 140.96
728.52 187.31 721.82 136.0
765.98 117.3 553.83 210.79
873.91 101.19 922.12 47.76
749.99 83.7 753.68 22.37
758.84 75.02 767.27 13.28
809.13 47.77 762.38 38.68
734.82 28.65 509.83 155.78
743.17 10.47 513.64 148.06
219.92 622.98 489.97 169.94
473.76 584.69 332.27 588.15
255.34 578.84 7.17 586.61
261.28 575.74 14.01 582.76
1083.37 552.92 1060.21 550.92
372.32 552.83 185.08 551.92
613.4 549.67 550.49 545.33
613.4 549.67 550.49 545.33
520.58 541.34 377.35 538.77
353.99 540.58 155.54 539.24
257.94 535.99 9.36 532.55
253.58 534.67 9.36 532.55
364.24 531.27 172.78 527.04
274.22 531.29 34.33 526.75
354.68 530.48 157.48 526.75
362.15 526.65 169.6 521.22
362.15 526.65 169.6 521.22
372.9 515.25 188.04 507.46
339.97 510.63 133.05 503.6
365.45 503.04 175.69 492.41
772.68 492.26 786.52 473.16
306.17 482.37 87.08 467.13
356.26 480.98 161.98 468.25
307.39 477.68 89.31 461.18
478.27 469.31 329.65 458.96
285.19 455.03 57.77 430.98
604.41 424.62 539.98 398.53
578.39 424.69 502.5 399.58
870.83 422.47 915.71 396.21
274.55 417.51 42.17 386.0
576.94 406.99 501.78 378.98
614.42 405.37 552.15 377.0
474.55 391.23 328.06 369.01
632.63 382.36 583.64 349.93
871.01 378.83 916.28 349.59
1262.83 353.09 530.83 469.18
718.97 351.06 707.01 313.55
575.78 333.87 564.4 256.94
739.78 310.57 738.02 270.86
619.99 298.72 564.4 256.94
634.8 291.45 515.78 290.27
846.35 280.94 880.56 242.22
872.35 270.74 918.83 230.47
867.65 263.11 911.93 221.98
324.73 258.09 139.27 183.3
598.35 254.77 533.12 207.15
702.02 251.91 686.93 203.76
845.4 250.23 889.37 205.45
746.1 248.31 745.44 201.03
606.67 231.03 517.18 203.16
726.04 217.27 718.55 168.47
250.87 216.51 25.79 103.09
729.39 210.63 724.3 158.72
1227.6 164.9 798.15 306.89
906.45 163.62 965.25 116.41
880.03 162.71 864.54 148.45
702.63 126.4 688.45 66.3
692.75 126.08 676.76 63.77
717.74 116.94 709.84 56.49
716.54 106.12 709.92 43.12
892.6 101.52 946.38 50.01
776.77 100.22 529.19 224.95
797.35 86.53 746.39 77.08
763.11 69.89 521.41 199.17
737.73 24.52 551.11 119.11
646.45 24.67 453.57 119.83
736.82 19.23 509.37 151.39
816.14 14.52 588.91 147.11
816.14 14.52 588.91 147.11
746.36 14.44 515.62 150.68
807.38 9.67 582.99 141.57
180.16 669.81 245.4 384.36
400.36 594.33 259.1 621.2
462.14 580.78 315.98 584.1
335.47 580.5 136.96 586.52
475.13 580.0 332.42 582.98
470.51 579.46 327.84 581.81
152.58 577.48 829.01 392.87
312.91 563.52 92.14 567.4
485.13 543.74 333.87 542.74
401.48 530.85 224.42 526.05
370.02 519.12 183.47 511.65
626.17 515.2 500.15 514.11
422.59 505.11 285.02 490.0
722.86 502.71 713.76 486.83
582.43 497.89 506.74 483.46
727.24 496.74 720.32 479.45
711.04 496.25 698.02 478.87
730.84 496.21 724.92 478.78
882.59 494.42 942.1 484.13
728.85 492.99 721.32 475.06
910.66 490.31 754.02 489.21
818.47 482.61 847.87 462.51
614.46 480.48 516.98 471.96
800.93 471.95 779.42 458.17
482.06 467.02 334.08 455.16
265.0 465.34 24.33 442.02
853.24 464.22 750.45 466.43
259.22 460.38 16.44 435.91
781.05 449.27 769.32 430.66
929.64 448.31 970.99 427.85
916.19 447.53 937.26 429.99
934.7 447.22 937.31 433.67
939.82 446.19 964.39 429.04
725.68 434.84 715.14 409.8
802.42 433.93 821.53 408.42
802.42 433.93 821.53 408.42
801.5 428.16 819.93 402.34
748.45 420.6 745.88 394.87
591.16 416.98 518.1 390.18
627.82 409.76 575.9 381.46
611.65 402.97 549.39 374.49
578.79 402.29 502.28 374.45
627.3 394.94 575.11 363.91
617.59 379.77 566.01 345.35
627.25 374.72 577.21 340.54
749.2 359.77 745.7 326.54
866.9 358.37 911.61 327.13
770.03 350.79 854.29 288.61
732.97 345.31 727.75 308.89
732.97 345.31 727.75 308.89
722.84 345.14 713.83 309.53
566.52 339.27 487.82 301.37
724.32 337.76 717.02 298.84
801.8 335.56 745.7 326.54
752.47 329.46 748.3 294.24
731.81 327.92 726.03 289.67
770.35 323.85 779.47 285.51
622.15 302.0 501.23 299.7
863.25 301.43 907.0 263.32
820.88 298.03 779.47 285.51
291.93 291.46 87.52 217.64
679.78 290.95 746.85 200.01
844.31 290.43 794.13 285.19
639.53 288.3 595.09 243.18
852.87 282.28 892.6 243.94
852.87 282.28 892.6 243.94
728.57 280.1 845.26 176.57
855.21 279.12 895.74 239.13
308.28 277.28 116.62 199.24
441.41 275.35 305.9 227.14
579.52 263.38 579.06 161.12
984.93 261.62 1010.41 240.29
610.73 260.43 520.89 233.77
588.74 249.41 521.41 199.17
354.4 246.56 186.06 171.6
640.62 241.11 598.25 190.2
607.8 239.87 518.26 212.44
625.9 238.36 539.64 213.66
621.05 231.52 532.75 206.93
607.07 230.36 550.32 177.24
804.66 229.99 827.01 184.44
565.75 224.32 489.97 169.94
654.5 222.38 618.72 170.01
608.94 218.98 505.08 202.94
628.38 214.0 579.06 161.12
614.31 213.07 576.97 146.4
842.87 202.04 881.43 154.3
632.31 193.61 588.06 137.78
604.54 177.16 513.64 148.06
888.12 176.62 804.94 195.95
868.89 167.57 899.04 127.27
554.61 160.05 453.57 119.83
627.45 149.91 513.64 148.06
843.35 147.48 880.89 96.65
730.28 144.68 529.19 224.95
842.1 139.8 879.11 88.0
708.04 132.53 696.96 72.97
835.13 130.12 870.17 77.15
846.11 124.7 885.0 71.37
721.11 121.16 713.77 62.66
675.52 115.43 650.78 52.73
711.7 111.3 702.93 49.8
893.45 109.27 947.86 58.71
847.38 104.77 885.79 50.98
847.38 104.77 885.79 50.98
780.42 101.69 566.57 202.01
870.22 97.02 917.38 43.77
876.83 96.03 925.95 42.67
623.37 87.93 575.29 20.07
632.8 86.55 590.31 18.68
890.2 85.63 943.62 33.22
627.07 82.91 582.79 12.87
858.29 82.28 901.47 27.07
853.53 77.92 895.76 22.07
888.36 77.61 941.83 24.01
729.89 32.93 505.97 158.87
922.28 742.36 629.63 685.55
468.0 603.85 337.84 610.25
484.88 588.03 351.76 591.91
969.19 578.7 1050.13 577.93
509.17 577.99 374.07 580.46
525.08 570.44 389.0 572.38
781.44 565.89 794.33 566.8
462.12 561.91 316.54 561.73
455.4 557.99 307.55 558.54
371.8 558.05 183.77 558.97
460.03 556.07 313.27 554.8
374.61 556.04 186.93 556.59
339.49 553.5 129.07 555.51
229.99 552.93 1142.26 404.08
598.02 547.34 822.3 549.47
612.54 545.96 550.95 539.02
930.26 545.26 903.89 536.07
460.09 544.54 314.09 542.52
1034.58 524.14 906.04 525.43
662.37 511.24 628.34 497.06
657.08 509.4 562.54 504.49
341.33 507.12 134.19 499.01
699.95 504.59 631.8 496.85
712.26 502.42 697.89 486.44
690.32 495.07 628.81 484.8
690.32 495.07 628.81 484.8
821.28 494.39 800.07 487.58
411.82 494.08 246.21 481.63
230.56 488.04 584.68 944.98
722.32 486.23 711.77 467.74
738.05 485.08 622.34 485.88
600.67 484.48 530.83 469.18
842.57 482.04 837.12 467.74
719.06 480.17 708.22 460.94
856.65 479.28 837.12 467.74
873.71 474.01 854.66 463.1
339.94 472.51 134.79 458.08
523.36 464.09 384.57 455.36
835.91 461.87 866.32 439.7
520.94 457.56 381.47 446.44
831.49 455.48 862.45 431.82
465.2 453.85 325.74 435.39
275.64 452.24 41.39 427.25
847.94 450.01 885.71 426.36
847.94 450.01 885.71 426.36
834.5 450.17 866.21 426.69
833.76 447.69 865.41 423.41
814.29 446.65 838.87 422.48
894.21 444.24 862.02 435.24
873.19 440.03 917.38 415.02
873.19 440.03 917.38 415.02
870.54 438.34 914.05 413.31
830.97 438.38 789.39 428.82
832.41 435.9 880.74 406.76
591.98 434.88 518.54 411.12
890.29 433.7 942.12 408.23
590.28 430.66 516.48 407.04
588.91 428.36 515.72 404.25
870.06 426.27 912.59 400.32
945.66 424.85 1013.66 398.86
893.23 422.43 944.55 396.03
617.98 420.7 559.92 393.86
612.53 420.36 516.48 407.04
612.53 420.36 516.48 407.04
611.86 417.56 515.72 404.25
628.41 415.95 575.64 388.59
642.92 415.77 597.66 388.42
616.3 415.87 555.83 389.15
620.06 413.82 563.5 386.31
716.64 406.83 704.73 377.65
604.11 401.93 540.37 372.91
604.11 401.93 540.37 372.91
938.71 398.03 1005.09 369.22
911.87 395.88 969.28 366.88
637.54 394.0 589.62 363.46
877.73 391.35 923.62 362.13
514.8 382.58 376.81 365.91
887.94 381.54 938.28 351.19
625.86 378.54 574.82 345.71
621.5 377.55 570.04 343.59
895.3 376.14 948.47 345.25
905.05 374.52 960.57 344.1
901.24 374.05 955.31 343.48
890.19 372.74 941.21 341.62
916.55 371.74 976.12 340.89
584.79 364.13 458.41 358.76
581.61 363.24 450.85 360.03
900.59 361.4 955.23 329.49
751.92 361.13 749.02 328.46
896.94 360.66 950.92 328.52
750.17 356.45 820.39 296.96
914.76 356.07 973.86 324.07
932.86 353.15 997.9 320.85
727.99 347.25 719.61 311.36
922.99 344.6 985.27 311.36
730.91 342.83 725.26 306.29
789.66 339.65 804.37 305.02
932.85 335.48 998.37 301.93
752.58 335.59 749.33 301.28
803.15 331.81 820.39 296.96
583.78 332.24 728.23 167.35
818.47 330.53 764.56 322.41
822.85 328.67 769.33 321.02
735.23 327.67 730.16 290.09
876.77 325.22 978.04 271.06
564.18 324.19 485.87 285.69
723.5 324.24 716.04 286.12
828.58 323.57 854.29 288.61
841.74 317.22 788.5 311.38
769.89 317.12 773.08 280.78
736.01 313.31 730.75 274.32
806.33 308.92 749.33 301.28
614.32 308.74 523.5 287.3
810.26 295.85 784.76 276.08
921.44 294.61 982.31 257.81
714.1 289.09 701.66 246.57
698.11 286.53 682.97 241.29
835.33 282.98 784.76 276.08
588.51 280.63 520.89 233.77
857.24 274.66 898.78 234.47
846.19 274.38 881.27 234.44
563.14 274.02 485.52 226.32
568.18 271.08 491.67 222.65
868.2 270.29 912.56 230.12
601.92 267.9 508.52 242.64
601.92 267.9 508.52 242.64
870.29 266.63 915.52 226.23
873.71 261.94 919.74 221.41
865.02 260.45 908.98 219.14
609.23 256.99 551.52 208.37
587.99 253.48 554.15 179.07
585.44 252.54 550.32 177.24
621.46 249.7 503.17 246.58
643.23 248.89 705.06 132.08
625.93 245.1 508.52 242.64
617.97 242.89 529.34 218.44
898.01 242.47 953.44 200.49
624.78 242.4 538.51 217.66
354.55 242.4 186.21 166.13
552.05 240.8 469.23 188.01
631.48 239.99 513.88 238.65
607.4 229.25 550.32 177.24
357.58 229.09 190.7 151.62
720.05 220.58 711.63 170.41
825.11 216.98 856.47 170.34
418.53 205.72 270.43 157.76
535.15 199.67 445.16 140.28
532.64 199.44 441.85 140.02
532.64 199.44 441.85 140.02
562.0 190.6 485.96 129.61
650.44 168.65 614.58 110.21
559.7 168.12 484.05 104.47
614.48 162.39 527.47 133.33
643.28 135.9 604.6 73.49
743.46 132.17 811.37 27.47
668.46 129.75 640.27 67.66
896.58 126.68 951.8 76.67
612.6 117.15 498.89 111.51
672.73 114.99 647.03 51.8
764.25 112.45 551.52 208.37
728.58 104.51 740.02 32.19
777.64 96.52 564.53 196.68
892.89 67.78 694.62 160.17
816.7 66.46 809.56 32.44
813.41 41.37 762.38 38.68
560.58 567.89 475.65 567.79
556.66 433.81 470.51 413.56
328.66 304.41 145.75 237.85
388.92 512.39 208.66 502.46
744.97 323.74 741.41 287.27
831.12 276.41 863.71 236.9
703.9 530.47 684.79 518.62
363.36 481.84 174.97 466.34
433.67 442.41 280.7 421.13
583.23 411.99 509.54 384.5
821.78 407.55 838.08 383.63
621.03 388.65 567.47 356.2
744.35 360.88 739.65 323.77
744.35 360.88 739.65 323.77
759.58 341.44 757.92 307.84
728.86 355.02 722.51 321.03
728.86 355.02 722.51 321.03
857.83 285.78 899.71 247.6
760.72 103.37 552.22 195.48
373.47 566.07 186.31 567.73
600.16 554.23 530.39 548.67
600.16 554.23 530.39 548.67
724.4 483.08 714.74 464.98
865.67 420.23 906.12 392.57
838.21 413.14 867.8 387.56
854.35 265.3 896.41 222.56
607.44 250.65 517.37 223.81
633.22 226.17 587.73 174.29
629.34 215.01 582.6 160.51
774.41 102.34 527.58 226.32
484.45 580.06 343.69 583.32
366.41 556.82 176.33 556.4
405.26 548.21 229.66 545.28
588.27 487.51 514.78 469.16
586.23 437.48 512.3 414.2
585.75 427.26 511.94 402.2
326.69 403.83 134.33 363.81
363.83 385.9 190.69 343.15
482.98 377.4 343.9 351.12
625.89 296.49 505.96 292.95
697.8 293.89 681.7 249.87
697.8 293.89 681.7 249.87
861.97 272.48 904.76 232.44
861.97 272.48 904.76 232.44
608.52 248.13 517.37 223.81
402.44 583.38 235.0 587.75
605.59 490.32 540.49 474.27
341.18 470.13 137.13 455.19
609.62 415.38 547.0 388.18
468.83 394.04 320.61 371.83
618.73 297.67 562.66 256.27
710.19 286.53 697.14 243.15
704.99 282.04 690.3 237.3
593.77 273.31 527.58 226.32
846.93 256.37 888.74 212.25
343.32 229.4 170.73 144.57
247.57 224.95 22.33 112.43
349.43 219.01 182.01 136.12
531.9 195.58 440.53 135.39
708.86 193.13 696.58 138.18
606.7 173.05 517.19 141.24
713.07 129.49 703.61 70.2
814.19 17.91 588.91 147.11
814.19 17.91 588.91 147.11
870.32 659.92 694.61 643.75
507.94 577.1 373.23 579.14
261.28 575.87 14.01 582.76
613.27 549.73 550.49 545.33
274.04 514.12 35.74 505.74
340.19 510.73 133.05 503.6
271.21 509.04 31.27 499.38
284.66 481.58 54.49 465.19
743.17 455.17 738.87 432.91
609.31 423.64 546.26 399.66
341.58 418.9 148.47 383.44
274.4 417.51 42.17 386.0
261.65 412.65 20.51 377.03
631.07 411.87 579.84 383.97
875.21 405.82 921.82 376.99
634.76 390.66 585.51 359.55
785.23 342.62 798.15 306.89
580.86 333.61 567.31 260.58
601.17 313.52 505.96 292.95
708.42 275.37 694.7 229.76
599.86 273.32 505.47 248.51
586.48 268.29 552.22 195.48
769.05 254.12 779.53 209.23
720.93 215.36 712.94 163.92
634.55 197.39 591.31 140.96
728.52 187.31 721.82 136.0
765.98 117.3 553.83 210.79
873.91 101.19 922.12 47.76
749.99 83.7 753.68 22.37
758.84 75.02 767.27 13.28
809.13 47.77 762.38 38.68
734.82 28.65 509.83 155.78
743.17 10.47 513.64 148.06
219.92 622.98 489.97 169.94
473.76 584.69 332.27 588.15
255.34 578.84 7.17 586.61
261.28 575.74 14.01 582.76
1083.37 552.92 1060.21 550.92
372.32 552.83 185.08 551.92
613.4 549.67 550.49 545.33
613.4 549.67 550.49 545.33
520.58 541.34 377.35 538.77
353.99 540.58 155.54 539.24
257.94 535.99 9.36 532.55
253.58 534.67 9.36 532.55
364.24 531.27 172.78 527.04
274.22 531.29 34.33 526.75
354.68 530.48 157.48 526.75
362.15 526.65 169.6 521.22
362.15 526.65 169.6 521.22
372.9 515.25 188.04 507.46
339.97 510.63 133.05 503.6
365.45 503.04 175.69 492.41
772.68 492.26 786.52 473.16
306.17 482.37 87.08 467.13
356.26 480.98 161.98 468.25
307.39 477.68 89.31 461.18
478.27 469.31 329.65 458.96
285.19 455.03 57.77 430.98
604.41 424.62 539.98 398.53
578.39 424.69 502.5 399.58
870.83 422.47 915.71 396.21
274.55 417.51 42.17 386.0
576.94 406.99 501.78 378.98
614.42 405.37 552.15 377.0
474.55 391.23 328.06 369.01
632.63 382.36 583.64 349.93
871.01 378.83 916.28 349.59
1262.83 353.09 530.83 469.18
718.97 351.06 707.01 313.55
575.78 333.87 564.4 256.94
739.78 310.57 738.02 270.86
619.99 298.72 564.4 256.94
634.8 291.45 515.78 290.27
846.35 280.94 880.56 242.22
872.35 270.74 918.83 230.47
867.65 263.11 911.93 221.98
324.73 258.09 139.27 183.3
598.35 254.77 533.12 207.15
702.02 251.91 686.93 203.76
845.4 250.23 889.37 205.45
746.1 248.31 745.44 201.03
606.67 231.03 517.18 203.16
726.04 217.27 718.55 168.47
250.87 216.51 25.79 103.09
729.39 210.63 724.3 158.72
1227.6 164.9 798.15 306.89
906.45 163.62 965.25 116.41
880.03 162.71 864.54 148.45
702.63 126.4 688.45 66.3
692.75 126.08 676.76 63.77
717.74 116.94 709.84 56.49
716.54 106.12 709.92 43.12
892.6 101.52 946.38 50.01
776.77 100.22 529.19 224.95
797.35 86.53 746.39 77.08
763.11 69.89 521.41 199.17
737.73 24.52 551.11 119.11
646.45 24.67 453.57 119.83
736.82 19.23 509.37 151.39
816.14 14.52 588.91 147.11
816.14 14.52 588.91 147.11
746.36 14.44 515.62 150.68
807.38 9.67 582.99 141.57
180.16 669.81 245.4 384.36
400.36 594.33 259.1 621.2
462.14 580.78 315.98 584.1
335.47 580.5 136.96 586.52
475.13 580.0 332.42 582.98
470.51 579.46 327.84 581.81
152.58 577.48 829.01 392.87
312.91 563.52 92.14 567.4
485.13 543.74 333.87 542.74
401.48 530.85 224.42 526.05
370.02 519.12 183.47 511.65
626.17 515.2 500.15 514.11
422.59 505.11 285.02 490.0
722.86 502.71 713.76 486.83
582.43 497.89 506.74 483.46
727.24 496.74 720.32 479.45
711.04 496.25 698.02 478.87
730.84 496.21 724.92 478.78
882.59 494.42 942.1 484.13
728.85 492.99 721.32 475.06
910.66 490.31 754.02 489.21
818.47 482.61 847.87 462.51
614.46 480.48 516.98 471.96
800.93 471.95 779.42 458.17
482.06 467.02 334.08 455.16
265.0 465.34 24.33 442.02
853.24 464.22 750.45 466.43
259.22 460.38 16.44 435.91
781.05 449.27 769.32 430.66
929.64 448.31 970.99 427.85
916.19 447.53 937.26 429.99
934.7 447.22 937.31 433.67
939.82 446.19 964.39 429.04
725.68 434.84 715.14 409.8
802.42 433.93 821.53 408.42
802.42 433.93 821.53 408.42
801.5 428.16 819.93 402.34
748.45 420.6 745.88 394.87
591.16 416.98 518.1 390.18
627.82 409.76 575.9 381.46
611.65 402.97 549.39 374.49
578.79 402.29 502.28 374.45
627.3 394.94 575.11 363.91
617.59 379.77 566.01 345.35
627.25 374.72 577.21 340.54
749.2 359.77 745.7 326.54
866.9 358.37 911.61 327.13
770.03 350.79 854.29 288.61
732.97 345.31 727.75 308.89
732.97 345.31 727.75 308.89
722.84 345.14 713.83 309.53
566.52 339.27 487.82 301.37
724.32 337.76 717.02 298.84
801.8 335.56 745.7 326.54
752.47 329.46 748.3 294.24
731.81 327.92 726.03 289.67
770.35 323.85 779.47 285.51
622.15 302.0 501.23 299.7
863.25 301.43 907.0 263.32
820.88 298.03 779.47 285.51
291.93 291.46 87.52 217.64
679.78 290.95 746.85 200.01
844.31 290.43 794.13 285.19
639.53 288.3 595.09 243.18
852.87 282.28 892.6 243.94
852.87 282.28 892.6 243.94
728.57 280.1 845.26 176.57
855.21 279.12 895.74 239.13
308.28 277.28 116.62 199.24
441.41 275.35 305.9 227.14
579.52 263.38 579.06 161.12
984.93 261.62 1010.41 240.29
610.73 260.43 520.89 233.77
588.74 249.41 521.41 199.17
354.4 246.56 186.06 171.6
640.62 241.11 598.25 190.2
607.8 239.87 518.26 212.44
625.9 238.36 539.64 213.66
621.05 231.52 532.75 206.93
607.07 230.36 550.32 177.24
804.66 229.99 827.01 184.44
565.75 224.32 489.97 169.94
654.5 222.38 618.72 170.01
608.94 218.98 505.08 202.94
628.38 214.0 579.06 161.12
614.31 213.07 576.97 146.4
842.87 202.04 881.43 154.3
632.31 193.61 588.06 137.78
604.54 177.16 513.64 148.06
888.12 176.62 804.94 195.95
868.89 167.57 899.04 127.27
554.61 160.05 453.57 119.83
627.45 149.91 513.64 148.06
843.35 147.48 880.89 96.65
730.28 144.68 529.19 224.95
842.1 139.8 879.11 88.0
708.04 132.53 696.96 72.97
835.13 130.12 870.17 77.15
846.11 124.7 885.0 71.37
721.11 121.16 713.77 62.66
675.52 115.43 650.78 52.73
711.7 111.3 702.93 49.8
893.45 109.27 947.86 58.71
847.38 104.77 885.79 50.98
847.38 104.77 885.79 50.98
780.42 101.69 566.57 202.01
870.22 97.02 917.38 43.77
876.83 96.03 925.95 42.67
623.37 87.93 575.29 20.07
632.8 86.55 590.31 18.68
890.2 85.63 943.62 33.22
627.07 82.91 582.79 12.87
858.29 82.28 901.47 27.07
853.53 77.92 895.76 22.07
888.36 77.61 941.83 24.01
729.89 32.93 505.97 158.87
922.28 742.36 629.63 685.55
468.0 603.85 337.84 610.25
484.88 588.03 351.76 591.91
969.19 578.7 1050.13 577.93
509.17 577.99 374.07 580.46
525.08 570.44 389.0 572.38
781.44 565.89 794.33 566.8
462.12 561.91 316.54 561.73
455.4 557.99 307.55 558.54
371.8 558.05 183.77 558.97
460.03 556.07 313.27 554.8
374.61 556.04 186.93 556.59
339.49 553.5 129.07 555.51
229.99 552.93 1142.26 404.08
598.02 547.34 822.3 549.47
612.54 545.96 550.95 539.02
930.26 545.26 903.89 536.07
460.09 544.54 314.09 542.52
1034.58 524.14 906.04 525.43
662.37 511.24 628.34 497.06
657.08 509.4 562.54 504.49
341.33 507.12 134.19 499.01
699.95 504.59 631.8 496.85
712.26 502.42 697.89 486.44
690.32 495.07 628.81 484.8
690.32 495.07 628.81 484.8
821.28 494.39 800.07 487.58
411.82 494.08 246.21 481.63
230.56 488.04 584.68 944.98
722.32 486.23 711.77 467.74
738.05 485.08 622.34 485.88
600.67 484.48 530.83 469.18
842.57 482.04 837.12 467.74
719.06 480.17 708.22 460.94
856.65 479.28 837.12 467.74
873.71 474.01 854.66 463.1
339.94 472.51 134.79 458.08
523.36 464.09 384.57 455.36
835.91 461.87 866.32 439.7
520.94 457.56 381.47 446.44
831.49 455.48 862.45 431.82
465.2 453.85 325.74 435.39
275.64 452.24 41.39 427.25
847.94 450.01 885.71 426.36
847.94 450.01 885.71 426.36
834.5 450.17 866.21 426.69
833.76 447.69 865.41 423.41
814.29 446.65 838.87 422.48
894.21 444.24 862.02 435.24
873.19 440.03 917.38 415.02
873.19 440.03 917.38 415.02
870.54 438.34 914.05 413.31
830.97 438.38 789.39 428.82
832.41 435.9 880.74 406.76
591.98 434.88 518.54 411.12
890.29 433.7 942.12 408.23
590.28 430.66 516.48 407.04
588.91 428.36 515.72 404.25
870.06 426.27 912.59 400.32
945.66 424.85 1013.66 398.86
893.23 422.43 944.55 396.03
617.98 420.7 559.92 393.86
612.53 420.36 516.48 407.04
612.53 420.36 516.48 407.04
611.86 417.56 515.72 404.25
628.41 415.95 575.64 388.59
642.92 415.77 597.66 388.42
616.3 415.87 555.83 389.15
620.06 413.82 563.5 386.31
716.64 406.83 704.73 377.65
604.11 401.93 540.37 372.91
604.11 401.93 540.37 372.91
938.71 398.03 1005.09 369.22
911.87 395.88 969.28 366.88
637.54 394.0 589.62 363.46
877.73 391.35 923.62 362.13
514.8 382.58 376.81 365.91
887.94 381.54 938.28 351.19
625.86 378.54 574.82 345.71
621.5 377.55 570.04 343.59
895.3 376.14 948.47 345.25
905.05 374.52 960.57 344.1
901.24 374.05 955.31 343.48
890.19 372.74 941.21 341.62
916.55 371.74 976.12 340.89
584.79 364.13 458.41 358.76
581.61 363.24 450.85 360.03
900.59 361.4 955.23 329.49
751.92 361.13 749.02 328.46
896.94 360.66 950.92 328.52
750.17 356.45 820.39 296.96
914.76 356.07 973.86 324.07
932.86 353.15 997.9 320.85
727.99 347.25 719.61 311.36
922.99 344.6 985.27 311.36
730.91 342.83 725.26 306.29
789.66 339.65 804.37 305.02
932.85 335.48 998.37 301.93
752.58 335.59 749.33 301.28
803.15 331.81 820.39 296.96
583.78 332.24 728.23 167.35
818.47 330.53 764.56 322.41
822.85 328.67 769.33 321.02
735.23 327.67 730.16 290.09
876.77 325.22 978.04 271.06
564.18 324.19 485.87 285.69
723.5 324.24 716.04 286.12
828.58 323.57 854.29 288.61
841.74 317.22 788.5 311.38
769.89 317.12 773.08 280.78
736.01 313.31 730.75 274.32
806.33 308.92 749.33 301.28
614.32 308.74 523.5 287.3
810.26 295.85 784.76 276.08
921.44 294.61 982.31 257.81
714.1 289.09 701.66 246.57
698.11 286.53 682.97 241.29
835.33 282.98 784.76 276.08
588.51 280.63 520.89 233.77
857.24 274.66 898.78 234.47
846.19 274.38 881.27 234.44
563.14 274.02 485.52 226.32
568.18 271.08 491.67 222.65
868.2 270.29 912.56 230.12
601.92 267.9 508.52 242.64
601.92 267.9 508.52 242.64
870.29 266.63 915.52 226.23
873.71 261.94 919.74 221.41
865.02 260.45 908.98 219.14
609.23 256.99 551.52 208.37
587.99 253.48 554.15 179.07
585.44 252.54 550.32 177.24
621.46 249.7 503.17 246.58
643.23 248.89 705.06 132.08
625.93 245.1 508.52 242.64
617.97 242.89 529.34 218.44
898.01 242.47 953.44 200.49
624.78 242.4 538.51 217.66
354.55 242.4 186.21 166.13
552.05 240.8 469.23 188.01
631.48 239.99 513.88 238.65
607.4 229.25 550.32 177.24
357.58 229.09 190.7 151.62
720.05 220.58 711.63 170.41
825.11 216.98 856.47 170.34
418.53 205.72 270.43 157.76
535.15 199.67 445.16 140.28
532.64 199.44 441.85 140.02
532.64 199.44 441.85 140.02
562.0 190.6 485.96 129.61
650.44 168.65 614.58 110.21
559.7 168.12 484.05 104.47
614.48 162.39 527.47 133.33
643.28 135.9 604.6 73.49
743.46 132.17 811.37 27.47
668.46 129.75 640.27 67.66
896.58 126.68 951.8 76.67
612.6 117.15 498.89 111.51
672.73 114.99 647.03 51.8
764.25 112.45 551.52 208.37
728.58 104.51 740.02 32.19
777.64 96.52 564.53 196.68
892.89 67.78 694.62 160.17
816.7 66.46 809.56 32.44
813.41 41.37 762.38 38.68
560.58 567.89 475.65 567.79
556.66 433.81 470.51 413.56
328.66 304.41 145.75 237.85
388.92 512.39 208.66 502.46
744.97 323.74 741.41 287.27
831.12 276.41 863.71 236.9
703.9 530.47 684.79 518.62
363.36 481.84 174.97 466.34
433.67 442.41 280.7 421.13
583.23 411.99 509.54 384.5
821.78 407.55 838.08 383.63
621.03 388.65 567.47 356.2
744.35 360.88 739.65 323.77
744.35 360.88 739.65 323.77
759.58 341.44 757.92 307.84
728.86 355.02 722.51 321.03
728.86 355.02 722.51 321.03
857.83 285.78 899.71 247.6
760.72 103.37 552.22 195.48
373.47 566.07 186.31 567.73
600.16 554.23 530.39 548.67
600.16 554.23 530.39 548.67
724.4 483.08 714.74 464.98
865.67 420.23 906.12 392.57
838.21 413.14 867.8 387.56
854.35 265.3 896.41 222.56
607.44 250.65 517.37 223.81
633.22 226.17 587.73 174.29
629.34 215.01 582.6 160.51
774.41 102.34 527.58 226.32
484.45 580.06 343.69 583.32
366.41 556.82 176.33 556.4
405.26 548.21 229.66 545.28
588.27 487.51 514.78 469.16
586.23 437.48 512.3 414.2
585.75 427.26 511.94 402.2
326.69 403.83 134.33 363.81
363.83 385.9 190.69 343.15
482.98 377.4 343.9 351.12
625.89 296.49 505.96 292.95
697.8 293.89 681.7 249.87
697.8 293.89 681.7 249.87
861.97 272.48 904.76 232.44
861.97 272.48 904.76 232.44
608.52 248.13 517.37 223.81
402.44 583.38 235.0 587.75
605.59 490.32 540.49 474.27
341.18 470.13 137.13 455.19
609.62 415.38 547.0 388.18
468.83 394.04 320.61 371.83
618.73 297.67 562.66 256.27
710.19 286.53 697.14 243.15
704.99 282.04 690.3 237.3
593.77 273.31 527.58 226.32
846.93 256.37 888.74 212.25
343.32 229.4 170.73 144.57
247.57 224.95 22.33 112.43
349.43 219.01 182.01 136.12
531.9 195.58 440.53 135.39
708.86 193.13 696.58 138.18
606.7 173.05 517.19 141.24
713.07 129.49 703.61 70.2
814.19 17.91 588.91 147.11
814.19 17.91 588.91 147.11
870.32 659.92 694.61 643.75
507.94 577.1 373.23 579.14
261.28 575.87 14.01 582.76
613.27 549.73 550.49 545.33
274.04 514.12 35.74 505.74
340.19 510.73 133.05 503.6
271.21 509.04 31.27 499.38
284.66 481.58 54.49 465.19
743.17 455.17 738.87 432.91
609.31 423.64 546.26 399.66
341.58 418.9 148.47 383.44
274.4 417.51 42.17 386.0
261.65 412.65 20.51 377.03
631.07 411.87 579.84 383.97
875.21 405.82 921.82 376.99
634.76 390.66 585.51 359.55
785.23 342.62 798.15 306.89
580.86 333.61 567.31 260.58
601.17 313.52 505.96 292.95
708.42 275.37 694.7 229.76
599.86 273.32 505.47 248.51
586.48 268.29 552.22 195.48
769.05 254.12 779.53 209.23
720.93 215.36 712.94 163.92
634.55 197.39 591.31 140.96
728.52 187.31 721.82 136.0
765.98 117.3 553.83 210.79
873.91 101.19 922.12 47.76
749.99 83.7 753.68 22.37
758.84 75.02 767.27 13.28
809.13 47.77 762.38 38.68
734.82 28.65 509.83 155.78
743.17 10.47 513.64 148.06
219.92 622.98 489.97 169.94
473.76 584.69 332.27 588.15
255.34 578.84 7.17 586.61
261.28 575.74 14.01 582.76
1083.37 552.92 1060.21 550.92
372.32 552.83 185.08 551.92
613.4 549.67 550.49 545.33
613.4 549.67 550.49 545.33
520.58 541.34 377.35 538.77
353.99 540.58 155.54 539.24
257.94 535.99 9.36 532.55
253.58 534.67 9.36 532.55
364.24 531.27 172.78 527.04
274.22 531.29 34.33 526.75
354.68 530.48 157.48 526.75
362.15 526.65 169.6 521.22
362.15 526.65 169.6 521.22
372.9 515.25 188.04 507.46
339.97 510.63 133.05 503.6
365.45 503.04 175.69 492.41
772.68 492.26 786.52 473.16
306.17 482.37 87.08 467.13
356.26 480.98 161.98 468.25
307.39 477.68 89.31 461.18
478.27 469.31 329.65 458.96
285.19 455.03 57.77 430.98
604.41 424.62 539.98 398.53
578.39 424.69 502.5 399.58
870.83 422.47 915.71 396.21
274.55 417.51 42.17 386.0
576.94 406.99 501.78 378.98
614.42 405.37 552.15 377.0
474.55 391.23 328.06 369.01
632.63 382.36 583.64 349.93
871.01 378.83 916.28 349.59
1262.83 353.09 530.83 469.18
718.97 351.06 707.01 313.55
575.78 333.87 564.4 256.94
739.78 310.57 738.02 270.86
619.99 298.72 564.4 256.94
634.8 291.45 515.78 290.27
846.35 280.94 880.56 242.22
872.35 270.74 918.83 230.47
867.65 263.11 911.93 221.98
324.73 258.09 139.27 183.3
598.35 254.77 533.12 207.15
702.02 251.91 686.93 203.76
845.4 250.23 889.37 205.45
746.1 248.31 745.44 201.03
606.67 231.03 517.18 203.16
726.04 217.27 718.55 168.47
250.87 216.51 25.79 103.09
729.39 210.63 724.3 158.72
1227.6 164.9 798.15 306.89
906.45 163.62 965.25 116.41
880.03 162.71 864.54 148.45
702.63 126.4 688.45 66.3
692.75 126.08 676.76 63.77
717.74 116.94 709.84 56.49
716.54 106.12 709.92 43.12
892.6 101.52 946.38 50.01
776.77 100.22 529.19 224.95
797.35 86.53 746.39 77.08
763.11 69.89 521.41 199.17
737.73 24.52 551.11 119.11
646.45 24.67 453.57 119.83
736.82 19.23 509.37 151.39
816.14 14.52 588.91 147.11
816.14 14.52 588.91 147.11
746.36 14.44 515.62 150.68
807.38 9.67 582.99 141.57
180.16 669.81 245.4 384.36
400.36 594.33 259.1 621.2
462.14 580.78 315.98 584.1
335.47 580.5 136.96 586.52
475.13 580.0 332.42 582.98
470.51 579.46 327.84 581.81
152.58 577.48 829.01 392.87
312.91 563.52 92.14 567.4
485.13 543.74 333.87 542.74
401.48 530.85 224.42 526.05
370.02 519.12 183.47 511.65
626.17 515.2 500.15 514.11
422.59 505.11 285.02 490.0
722.86 502.71 713.76 486.83
582.43 497.89 506.74 483.46
727.24 496.74 720.32 479.45
711.04 496.25 698.02 478.87
730.84 496.21 724.92 478.78
882.59 494.42 942.1 484.13
728.85 492.99 721.32 475.06
910.66 490.31 754.02 489.21
818.47 482.61 847.87 462.51
614.46 480.48 516.98 471.96
800.93 471.95 779.42 458.17
482.06 467.02 334.08 455.16
265.0 465.34 24.33 442.02
853.24 464.22 750.45 466.43
259.22 460.38 16.44 435.91
781.05 449.27 769.32 430.66
929.64 448.31 970.99 427.85
916.19 447.53 937.26 429.99
934.7 447.22 937.31 433.67
939.82 446.19 964.39 429.04
725.68 434.84 715.14 409.8
802.42 433.93 821.53 408.42
802.42 433.93 821.53 408.42
801.5 428.16 819.93 402.34
748.45 420.6 745.88 394.87
591.16 416.98 518.1 390.18
627.82 409.76 575.9 381.46
611.65 402.97 549.39 374.49
578.79 402.29 502.28 374.45
627.3 394.94 575.11 363.91
617.59 379.77 566.01 345.35
627.25 374.72 577.21 340.54
749.2 359.77 745.7 326.54
866.9 358.37 911.61 327.13
770.03 350.79 854.29 288.61
732.97 345.31 727.75 308.89
732.97 345.31 727.75 308.89
722.84 345.14 713.83 309.53
566.52 339.27 487.82 301.37
724.32 337.76 717.02 298.84
801.8 335.56 745.7 326.54
752.47 329.46 748.3 294.24
731.81 327.92 726.03 289.67
770.35 323.85 779.47 285.51
622.15 302.0 501.23 299.7
863.25 301.43 907.0 263.32
820.88 298.03 779.47 285.51
291.93 291.46 87.52 217.64
679.78 290.95 746.85 200.01
844.31 290.43 794.13 285.19
639.53 288.3 595.09 243.18
852.87 282.28 892.6 243.94
852.87 282.28 892.6 243.94
728.57 280.1 845.26 176.57
855.21 279.12 895.74 239.13
308.28 277.28 116.62 199.24
441.41 275.35 305.9 227.14
579.52 263.38 579.06 161.12
984.93 261.62 1010.41 240.29
610.73 260.43 520.89 233.77
588.74 249.41 521.41 199.17
354.4 246.56 186.06 171.6
640.62 241.11 598.25 190.2
607.8 239.87 518.26 212.44
625.9 238.36 539.64 213.66
621.05 231.52 532.75 206.93
607.07 230.36 550.32 177.24
804.66 229.99 827.01 184.44
565.75 224.32 489.97 169.94
654.5 222.38 618.72 170.01
608.94 218.98 505.08 202.94
628.38 214.0 579.06 161.12
614.31 213.07 576.97 146.4
842.87 202.04 881.43 154.3
632.31 193.61 588.06 137.78
604.54 177.16 513.64 148.06
888.12 176.62 804.94 195.95
868.89 167.57 899.04 127.27
554.61 160.05 453.57 119.83
627.45 149.91 513.64 148.06
843.35 147.48 880.89 96.65
730.28 144.68 529.19 224.95
842.1 139.8 879.11 88.0
708.04 132.53 696.96 72.97
835.13 130.12 870.17 77.15
846.11 124.7 885.0 71.37
721.11 121.16 713.77 62.66
675.52 115.43 650.78 52.73
711.7 111.3 702.93 49.8
893.45 109.27 947.86 58.71
847.38 104.77 885.79 50.98
847.38 104.77 885.79 50.98
780.42 101.69 566.57 202.01
870.22 97.02 917.38 43.77
876.83 96.03 925.95 42.67
623.37 87.93 575.29 20.07
632.8 86.55 590.31 18.68
890.2 85.63 943.62 33.22
627.07 82.91 582.79 12.87
858.29 82.28 901.47 27.07
853.53 77.92 895.76 22.07
888.36 77.61 941.83 24.01
729.89 32.93 505.97 158.87
922.28 742.36 629.63 685.55
468.0 603.85 337.84 610.25
484.88 588.03 351.76 591.91
969.19 578.7 1050.13 577.93
509.17 577.99 374.07 580.46
525.08 570.44 389.0 572.38
781.44 565.89 794.33 566.8
462.12 561.91 316.54 561.73
455.4 557.99 307.55 558.54
371.8 558.05 183.77 558.97
460.03 556.07 313.27 554.8
374.61 556.04 186.93 556.59
339.49 553.5 129.07 555.51
229.99 552.93 1142.26 404.08
598.02 547.34 822.3 549.47
612.54 545.96 550.95 539.02
930.26 545.26 903.89 536.07
460.09 544.54 314.09 542.52
1034.58 524.14 906.04 525.43
662.37 511.24 628.34 497.06
657.08 509.4 562.54 504.49
341.33 507.12 134.19 499.01
699.95 504.59 631.8 496.85
712.26 502.42 697.89 486.44
690.32 495.07 628.81 484.8
690.32 495.07 628.81 484.8
821.28 494.39 800.07 487.58
411.82 494.08 246.21 481.63
230.56 488.04 584.68 944.98
722.32 486.23 711.77 467.74
738.05 485.08 622.34 485.88
600.67 484.48 530.83 469.18
842.57 482.04 837.12 467.74
719.06 480.17 708.22 460.94
856.65 479.28 837.12 467.74
873.71 474.01 854.66 463.1
339.94 472.51 134.79 458.08
523.36 464.09 384.57 455.36
835.91 461.87 866.32 439.7
520.94 457.56 381.47 446.44
831.49 455.48 862.45 431.82
465.2 453.85 325.74 435.39
275.64 452.24 41.39 427.25
847.94 450.01 885.71 426.36
847.94 450.01 885.71 426.36
834.5 450.17 866.21 426.69
833.76 447.69 865.41 423.41
814.29 446.65 838.87 422.48
894.21 444.24 862.02 435.24
873.19 440.03 917.38 415.02
873.19 440.03 917.38 415.02
870.54 438.34 914.05 413.31
830.97 438.38 789.39 428.82
832.41 435.9 880.74 406.76
591.98 434.88 518.54 411.12
890.29 433.7 942.12 408.23
590.28 430.66 516.48 407.04
588.91 428.36 515.72 404.25
870.06 426.27 912.59 400.32
945.66 424.85 1013.66 398.86
893.23 422.43 944.55 396.03
617.98 420.7 559.92 393.86
612.53 420.36 516.48 407.04
612.53 420.36 516.48 407.04
611.86 417.56 515.72 404.25
628.41 415.95 575.64 388.59
642.92 415.77 597.66 388.42
616.3 415.87 555.83 389.15
620.06 413.82 563.5 386.31
716.64 406.83 704.73 377.65
604.11 401.93 540.37 372.91
604.11 401.93 540.37 372.91
938.71 398.03 1005.09 369.22
911.87 395.88 969.28 366.88
637.54 394.0 589.62 363.46
877.73 391.35 923.62 362.13
514.8 382.58 376.81 365.91
887.94 381.54 938.28 351.19
625.86 378.54 574.82 345.71
621.5 377.55 570.04 343.59
895.3 376.14 948.47 345.25
905.05 374.52 960.57 344.1
901.24 374.05 955.31 343.48
890.19 372.74 941.21 341.62
916.55 371.74 976.12 340.89
584.79 364.13 458.41 358.76
581.61 363.24 450.85 360.03
900.59 361.4 955.23 329.49
751.92 361.13 749.02 328.46
896.94 360.66 950.92 328.52
750.17 356.45 820.39 296.96
914.76 356.07 973.86 324.07
932.86 353.15 997.9 320.85
727.99 347.25 719.61 311.36
922.99 344.6 985.27 311.36
730.91 342.83 725.26 306.29
789.66 339.65 804.37 305.02
932.85 335.48 998.37 301.93
752.58 335.59 749.33 301.28
803.15 331.81 820.39 296.96
583.78 332.24 728.23 167.35
818.47 330.53 764.56 322.41
822.85 328.67 769.33 321.02
735.23 327.67 730.16 290.09
876.77 325.22 978.04 271.06
564.18 324.19 485.87 285.69
723.5 324.24 716.04 286.12
828.58 323.57 854.29 288.61
841.74 317.22 788.5 311.38
769.89 317.12 773.08 280.78
736.01 313.31 730.75 274.32
806.33 308.92 749.33 301.28
614.32 308.74 523.5 287.3
810.26 295.85 784.76 276.08
921.44 294.61 982.31 257.81
714.1 289.09 701.66 246.57
698.11 286.53 682.97 241.29
835.33 282.98 784.76 276.08
588.51 280.63 520.89 233.77
857.24 274.66 898.78 234.47
846.19 274.38 881.27 234.44
563.14 274.02 485.52 226.32
568.18 271.08 491.67 222.65
868.2 270.29 912.56 230.12
601.92 267.9 508.52 242.64
601.92 267.9 508.52 242.64
870.29 266.63 915.52 226.23
873.71 261.94 919.74 221.41
865.02 260.45 908.98 219.14
609.23 256.99 551.52 208.37
587.99 253.48 554.15 179.07
585.44 252.54 550.32 177.24
621.46 249.7 503.17 246.58
643.23 248.89 705.06 132.08
625.93 245.1 508.52 242.64
617.97 242.89 529.34 218.44
898.01 242.47 953.44 200.49
624.78 242.4 538.51 217.66
354.55 242.4 186.21 166.13
552.05 240.8 469.23 188.01
631.48 239.99 513.88 238.65
607.4 229.25 550.32 177.24
357.58 229.09 190.7 151.62
720.05 220.58 711.63 170.41
825.11 216.98 856.47 170.34
418.53 205.72 270.43 157.76
535.15 199.67 445.16 140.28
532.64 199.44 441.85 140.02
532.64 199.44 441.85 140.02
562.0 190.6 485.96 129.61
650.44 168.65 614.58 110.21
559.7 168.12 484.05 104.47
614.48 162.39 527.47 133.33
643.28 135.9 604.6 73.49
743.46 132.17 811.37 27.47
668.46 129.75 640.27 67.66
896.58 126.68 951.8 76.67
612.6 117.15 498.89 111.51
672.73 114.99 647.03 51.8
764.25 112.45 551.52 208.37
728.58 104.51 740.02 32.19
777.64 96.52 564.53 196.68
892.89 67.78 694.62 160.17
816.7 66.46 809.56 32.44
813.41 41.37 762.38 38.68
