717.52 576.13 978.6 539.23
762.74 229.67 995.65 119.09
321.13 304.5 437.97 292.91
857.53 705.12 1175.75 697.03
886.09 657.62 1159.97 632.23
456.44 426.29 605.76 394.06
488.19 591.21 652.71 560.65
236.05 567.99 389.08 541.51
156.36 551.38 310.84 537.76
776.1 520.16 1047.04 469.63
408.46 438.75 550.84 413.16
72.87 422.04 235.65 420.36
484.21 593.06 652.71 560.65
225.95 516.55 367.77 500.77
736.55 506.11 997.83 457.37
736.19 454.49 990.5 390.91
533.93 344.62 702.85 286.49
85.7 690.27 287.46 664.55
123.62 431.22 273.5 430.17
580.23 313.37 752.85 251.96
657.64 302.46 863.2 222.83
532.34 288.92 691.02 228.18
684.01 160.24 892.13 46.03
472.36 574.06 632.71 544.24
765.14 480.2 1028.48 416.72
198.96 480.99 339.08 470.83
280.56 442.9 413.24 426.43
280.56 442.9 413.24 426.43
888.76 416.71 1129.15 346.59
466.76 401.22 620.84 359.5
466.76 401.22 620.84 359.5
585.63 339.87 762.27 280.23
782.02 272.8 1017.48 173.14
734.88 240.41 967.34 129.56
376.7 567.19 519.16 543.84
617.73 545.44 817.38 507.45
645.12 542.27 853.24 504.94
915.86 538.32 1172.77 489.8
546.08 538.45 723.86 502.86
175.55 443.77 316.51 436.4
757.13 436.83 1012.3 366.5
436.25 416.19 580.27 384.43
436.25 416.19 580.27 384.43
786.55 349.83 1028.41 261.98
645.14 336.29 840.82 267.2
303.86 335.78 431.24 320.77
738.13 281.06 976.5 179.13
721.99 274.3 957.04 170.71
219.98 266.11 349.62 262.08
734.37 239.92 967.34 129.56
268.05 610.36 420.87 586.84
209.06 599.22 364.27 578.82
191.98 594.05 342.44 572.58
154.01 589.08 310.65 569.01
915.9 576.16 1178.6 536.48
819.61 547.58 1085.3 500.45
795.19 544.51 1063.95 493.99
981.77 534.79 1233.9 485.65
981.77 534.79 1233.9 485.65
149.58 446.91 293.67 442.32
100.25 436.92 256.5 433.82
637.92 436.07 837.91 382.78
217.69 431.72 354.49 422.12
573.29 415.06 752.52 365.22
56.79 407.8 221.43 409.07
149.94 392.95 297.57 388.39
337.7 375.71 457.22 361.33
584.73 374.84 762.28 317.29
584.73 374.84 762.28 317.29
570.28 367.57 745.83 314.98
570.28 367.57 745.83 314.98
208.59 330.02 345.04 325.5
208.59 330.02 345.04 325.5
875.56 306.98 1105.97 214.41
822.68 274.16 1053.32 173.32
753.68 230.85 983.97 120.24
892.19 203.39 1109.12 91.08
745.64 173.96 969.65 51.45
563.11 159.09 720.76 81.23
576.45 139.6 734.99 56.9
870.1 619.9 1141.62 589.47
607.75 594.22 809.23 565.97
823.75 580.19 1093.25 542.07
231.77 576.16 383.49 552.89
841.81 574.43 1108.86 533.67
450.35 560.63 604.33 533.73
450.35 560.63 604.33 533.73
766.37 555.34 1038.2 507.58
249.53 554.16 385.93 536.52
970.14 541.47 1223.11 498.38
785.17 537.31 1053.73 488.65
969.85 529.8 1221.62 482.94
44.43 518.25 219.92 508.25
440.32 490.1 588.56 462.01
897.59 484.67 1150.48 426.82
897.59 484.67 1150.48 426.82
843.85 480.46 1100.71 420.38
289.86 473.88 421.26 454.68
824.95 453.81 1076.1 388.64
326.29 433.08 449.99 422.87
745.81 378.17 996.51 298.68
735.6 371.49 982.49 291.32
867.09 367.8 1103.01 289.75
179.38 327.52 321.22 322.39
864.75 286.76 1095.89 190.64
864.75 286.76 1095.89 190.64
440.29 277.28 575.13 238.6
1042.23 272.81 1261.34 174.1
849.76 264.74 1077.1 162.61
456.41 247.94 593.83 203.47
482.93 223.92 625.75 169.91
842.24 203.72 1061.21 90.18
253.16 167.63 378.1 160.6
833.13 147.83 1046.55 22.33
449.97 130.71 601.56 46.21
239.35 585.31 386.61 564.73
201.51 565.19 346.27 546.85
956.36 559.93 1212.94 519.82
605.62 553.71 804.67 519.5
901.19 540.85 1212.34 484.81
830.31 538.94 1094.46 490.5
908.58 536.52 1166.03 490.9
995.23 535.6 1246.18 489.44
81.26 518.37 246.04 507.09
477.05 481.11 632.46 448.44
172.23 467.96 314.32 460.84
972.53 457.74 1210.03 398.29
644.83 446.99 847.89 393.84
438.41 431.16 582.96 400.37
796.66 405.12 1049.24 332.64
922.16 393.92 1157.61 320.54
374.31 385.71 490.0 370.23
348.66 364.79 468.37 349.14
564.8 349.71 737.25 292.04
564.8 349.71 737.25 292.04
870.31 343.66 1105.87 258.05
179.81 327.64 321.22 322.39
925.67 324.68 1154.55 235.9
543.8 307.6 708.88 249.84
543.8 307.6 708.88 249.84
563.11 305.07 728.88 245.32
765.63 275.73 1000.23 174.54
357.87 252.09 475.9 233.05
479.37 240.89 618.62 193.88
995.75 217.83 1197.64 114.55
738.46 217.46 969.2 103.68
252.47 211.84 380.49 207.0
719.51 211.01 948.9 96.69
180.75 189.82 315.6 190.65
894.88 163.19 1108.46 42.06
833.1 147.08 1046.55 22.33
842.08 146.36 1057.9 22.99
449.43 131.48 601.56 46.21
429.38 74.45 549.37 28.19
312.31 765.71 543.51 759.37
754.18 712.24 1063.67 706.43
797.14 686.4 1099.03 670.28
497.04 686.51 701.32 667.73
680.17 663.33 968.83 642.54
866.99 635.0 1139.36 609.17
915.91 600.58 1180.38 565.2
962.96 596.17 1223.7 563.7
224.9 583.96 372.05 563.6
179.99 566.67 326.98 549.99
948.5 558.56 1203.52 517.4
468.78 492.27 621.91 461.4
478.34 490.18 636.67 457.28
723.07 480.83 970.73 423.98
563.62 480.76 743.51 441.0
563.62 480.76 743.51 441.0
915.17 473.52 1160.77 413.34
623.03 444.35 820.64 392.93
560.96 431.77 737.16 385.82
560.81 423.63 736.92 377.65
174.14 422.82 319.31 415.1
461.55 421.19 609.62 386.63
461.55 421.19 609.62 386.63
38.57 418.94 210.81 419.83
157.22 409.82 303.09 402.77
972.06 406.67 1205.69 335.96
969.74 389.59 1202.23 315.24
931.65 368.15 1164.84 289.29
946.5 339.53 1175.95 253.96
862.34 338.35 1095.89 252.66
1021.25 337.24 1235.38 256.84
300.42 333.62 427.45 318.27
687.08 332.38 905.77 254.65
924.91 324.14 1154.55 235.9
192.37 318.22 332.46 315.18
897.19 314.32 1127.91 225.44
544.16 307.51 708.88 249.84
544.16 307.51 708.88 249.84
1015.2 305.52 1226.21 219.31
473.09 304.06 615.5 260.81
556.21 300.92 721.45 241.96
796.21 299.92 1034.76 203.59
464.74 291.86 605.06 249.18
560.4 289.56 726.07 228.95
782.59 285.46 1017.11 186.16
671.46 285.77 883.15 197.78
1009.61 277.45 1217.95 183.14
442.49 270.52 602.75 207.34
946.98 264.63 1166.48 165.67
840.76 245.69 1067.15 141.65
802.45 230.95 1029.37 122.18
893.96 219.69 1112.97 111.06
557.46 211.17 716.45 139.16
891.94 198.41 1108.34 82.83
389.18 189.5 512.96 158.56
441.21 154.76 568.79 109.27
476.1 110.93 604.25 55.19
454.43 71.75 577.92 18.35
262.2 615.7 416.23 592.94
320.09 614.77 473.41 590.69
185.35 608.68 340.81 585.74
941.15 608.48 1205.57 576.9
262.2 608.17 415.14 583.51
252.63 608.34 407.92 584.72
229.69 606.01 380.66 584.57
206.33 579.92 353.28 559.58
457.94 560.59 613.58 535.49
446.91 557.1 601.0 529.65
908.14 547.82 1166.27 503.28
80.79 538.28 247.26 525.63
650.67 536.88 865.68 496.11
187.07 537.13 332.04 521.41
50.28 522.95 224.0 511.67
38.48 523.14 215.78 511.35
38.48 523.14 215.78 511.35
562.92 517.63 745.6 481.1
264.15 514.26 412.2 493.52
83.13 510.43 247.41 499.95
83.13 510.43 247.41 499.95
200.57 505.78 341.93 493.0
46.39 505.42 219.57 498.4
917.02 503.81 1170.26 451.27
461.99 489.8 614.55 459.17
451.87 490.24 601.14 461.14
47.59 490.74 219.98 481.28
201.65 488.4 341.95 476.99
746.68 477.48 1007.39 416.85
581.15 465.28 765.19 420.79
208.45 451.52 346.91 439.07
155.0 443.63 298.05 439.02
123.51 443.69 272.98 440.79
884.65 441.86 1129.98 374.83
208.97 438.63 345.87 427.23
576.96 433.67 757.87 385.03
32.56 416.29 206.21 416.95
461.53 411.27 609.07 376.69
461.53 411.27 609.07 376.69
481.6 404.31 634.52 366.9
484.9 397.64 637.99 358.4
484.9 397.64 637.99 358.4
884.16 394.41 1124.04 319.44
332.9 386.5 452.17 373.43
883.71 377.65 1121.28 298.28
775.29 364.37 1020.43 281.16
229.87 358.68 365.02 352.49
582.57 358.03 759.21 301.24
568.9 356.51 742.35 301.09
587.08 350.22 765.32 296.22
956.32 344.8 1184.71 259.59
570.33 338.19 743.85 279.91
436.19 336.46 574.11 300.52
831.42 324.16 1065.36 234.81
953.64 320.81 1180.24 233.66
891.59 316.08 1121.55 225.47
871.07 308.13 1102.08 216.3
465.42 305.07 607.52 261.46
1001.06 292.95 1210.16 203.0
800.54 292.35 1038.28 195.08
554.28 289.03 719.24 228.87
1011.24 286.2 1220.92 196.79
794.92 286.39 1031.3 187.2
898.56 277.08 1123.81 179.14
608.8 275.15 789.86 202.38
1023.1 264.6 1236.93 167.29
338.28 262.36 458.14 243.62
296.66 260.72 420.43 249.64
1006.0 259.97 1212.19 163.8
778.14 240.94 1007.76 133.1
567.24 233.69 731.59 163.52
257.91 234.41 384.09 227.59
487.39 223.0 629.81 170.27
911.02 209.2 1128.89 99.14
911.02 209.2 1128.89 99.14
489.31 205.65 630.48 151.46
190.09 197.14 323.58 195.65
395.14 192.23 519.45 160.53
771.61 184.53 995.56 65.59
332.39 182.02 449.93 165.07
748.67 176.13 973.38 54.5
767.87 165.1 988.74 39.52
715.51 163.74 938.74 39.97
341.5 162.97 457.55 144.25
436.03 160.0 561.56 120.23
971.05 153.15 1167.7 37.49
448.5 141.53 575.86 94.72
580.98 139.52 739.65 57.28
893.8 134.28 1103.27 6.24
432.34 131.54 580.37 52.07
436.05 97.63 558.11 52.64
484.11 80.95 615.87 17.55
392.42 751.24 625.25 743.45
478.39 731.15 712.79 721.34
496.26 689.68 700.87 670.84
705.33 674.94 999.59 657.42
719.93 642.84 1004.94 617.14
723.24 635.8 1007.67 610.78
17.77 626.09 215.1 599.22
191.49 622.44 353.07 599.46
195.24 617.86 354.34 594.63
261.7 616.44 416.23 592.94
320.05 615.37 473.41 590.69
261.5 607.51 415.14 583.51
229.51 606.37 380.66 584.57
163.62 605.98 323.11 583.98
192.4 599.67 346.8 578.7
80.3 597.39 254.75 576.72
10.49 596.88 201.18 575.67
323.76 593.36 461.65 571.28
326.94 588.48 462.89 566.46
386.2 571.84 533.29 548.16
603.07 570.71 801.66 537.33
307.92 559.36 444.05 539.34
307.92 559.36 444.05 539.34
56.68 556.4 230.82 541.69
449.84 552.35 812.94 497.81
336.18 551.81 463.51 532.07
198.43 536.76 342.53 520.71
613.46 536.29 812.94 497.81
993.42 528.28 1243.19 481.88
77.12 522.23 243.77 510.67
183.03 519.19 326.77 505.06
251.72 518.34 400.8 496.8
264.56 513.66 412.2 493.52
562.03 510.26 744.15 472.33
562.03 510.26 744.15 472.33
83.85 503.59 247.22 494.32
1029.35 496.46 1257.52 446.1
185.0 492.94 326.98 481.8
170.95 492.12 314.15 482.36
85.43 488.59 247.73 480.78
53.21 486.49 223.86 479.55
456.42 485.84 627.2 450.28
115.74 485.94 270.56 477.61
664.96 485.6 954.97 419.17
125.25 482.21 278.59 473.47
696.69 479.67 954.97 419.17
184.95 479.28 326.77 470.33
78.94 479.04 243.41 471.86
755.77 477.91 1020.29 415.71
166.27 476.33 309.91 467.94
86.24 474.24 247.84 467.98
91.6 474.22 252.86 468.84
580.89 465.33 765.19 420.79
750.32 464.87 1010.0 401.28
68.21 465.09 233.93 460.89
208.45 451.53 346.91 439.07
932.74 449.56 1175.17 389.84
389.14 448.77 529.1 426.74
880.83 448.69 1126.9 384.59
155.4 443.58 298.8 438.54
884.67 441.9 1129.98 374.83
94.15 432.74 251.5 430.46
456.02 430.37 604.12 396.65
430.46 429.36 575.04 398.11
173.25 429.02 318.79 419.72
96.1 428.51 253.64 427.37
428.97 424.17 573.09 393.68
1020.88 420.2 1241.67 355.06
477.34 411.06 630.58 371.57
433.87 405.02 574.86 374.64
482.89 389.79 635.31 350.37
482.18 382.63 634.37 343.1
300.81 382.19 429.98 366.28
563.1 377.15 735.86 323.62
653.16 360.29 726.12 337.71
866.37 351.71 1101.34 267.82
651.96 350.88 787.49 312.73
950.0 345.47 1179.32 261.71
420.78 341.42 558.38 308.9
994.9 339.13 1208.32 257.58
925.93 335.52 1156.03 250.55
1009.64 333.63 1087.73 298.15
867.75 327.54 1101.95 238.57
867.75 327.54 1101.95 238.57
822.95 325.4 1052.84 237.74
588.19 323.19 765.62 261.02
531.36 322.21 691.38 269.19
835.82 319.33 1070.42 229.02
1011.6 314.62 1221.74 228.29
671.88 307.49 879.8 227.66
948.14 304.97 1172.22 214.17
488.56 298.31 634.05 253.06
950.11 297.2 1172.14 204.97
950.11 297.2 1172.14 204.97
990.66 295.76 1200.55 208.11
685.78 289.31 900.34 201.53
685.78 289.31 900.34 201.53
804.71 289.21 1039.2 189.73
443.04 286.29 580.14 246.87
903.16 274.81 1128.72 177.47
455.16 266.33 591.21 224.79
345.31 255.81 463.0 239.18
810.91 243.06 1037.81 132.61
465.97 236.97 579.16 215.92
461.72 236.89 575.97 215.19
931.76 233.15 1149.54 126.94
838.13 232.22 1061.4 123.4
466.58 231.95 604.47 184.95
902.99 224.49 1122.88 116.84
487.44 222.95 629.81 170.27
918.91 214.95 1135.7 103.92
446.86 203.57 579.11 160.46
196.79 194.35 329.58 192.72
720.01 191.61 948.89 72.3
460.66 187.99 592.44 141.53
348.57 182.14 464.19 162.67
234.27 177.94 362.02 173.34
269.97 175.86 392.48 166.75
773.71 172.65 995.75 52.04
867.95 171.17 1084.05 51.54
317.38 168.98 435.75 152.69
442.84 164.74 571.3 120.79
306.22 147.18 425.25 132.89
553.25 145.96 706.88 69.24
552.99 139.47 706.16 61.29
636.96 121.44 816.52 17.0
418.53 107.62 541.08 66.18
389.81 104.34 508.76 70.71
392.02 100.26 509.88 66.49
441.01 99.65 564.05 52.29
456.92 98.02 588.03 39.6
460.47 93.38 588.03 39.6
484.63 91.5 617.84 27.34
442.91 89.84 565.52 41.0
484.32 80.6 615.87 17.55
430.82 71.29 550.82 26.15
430.53 61.98 549.6 15.73
572.0 691.81 795.25 674.0
572.0 691.81 795.25 674.0
500.96 688.42 705.4 669.65
519.65 685.9 726.63 667.19
793.47 682.94 1091.74 665.97
853.66 634.61 1126.84 607.57
379.37 634.24 537.6 610.64
378.03 631.18 536.66 607.45
361.46 630.51 519.28 605.94
355.58 628.22 512.02 604.84
366.58 623.78 523.2 600.58
332.91 620.96 489.34 597.87
262.47 620.14 416.77 596.7
775.74 616.2 1053.72 584.52
186.63 613.72 345.14 590.52
35.8 613.59 222.83 590.58
181.23 612.0 337.31 587.94
168.13 608.53 326.73 586.38
773.98 606.86 1050.91 573.08
217.75 605.46 371.17 583.56
188.27 601.05 342.98 579.05
188.27 601.05 342.98 579.05
154.41 593.22 312.16 572.47
443.38 589.01 599.44 559.47
771.45 587.25 1047.25 548.81
757.54 586.56 1029.14 548.74
757.54 586.56 1029.14 548.74
311.63 586.3 449.08 564.71
754.87 583.41 1025.97 545.03
219.57 583.28 367.47 563.32
637.21 582.07 839.54 550.06
381.31 574.44 528.45 551.53
310.64 572.51 447.14 551.63
307.78 570.39 444.58 549.58
213.29 564.7 354.93 546.36
310.19 562.73 446.11 542.3
443.0 559.25 805.79 511.01
94.84 557.35 258.74 541.44
446.3 556.5 601.0 529.65
343.32 548.89 469.3 529.24
357.26 548.31 481.27 528.96
942.36 543.01 1195.07 499.06
611.09 540.02 810.61 501.81
611.09 540.02 810.61 501.81
236.59 535.76 374.35 519.01
760.83 534.67 1031.26 485.08
206.17 522.96 348.1 508.88
196.41 522.62 339.08 508.75
758.71 515.57 1027.7 461.67
515.3 513.81 633.79 490.78
511.57 511.51 611.1 492.9
260.61 510.06 409.75 489.64
552.02 503.75 731.21 465.69
562.58 499.31 743.23 460.94
440.46 496.49 616.42 459.54
464.98 486.59 590.98 464.08
888.89 485.38 1141.05 426.5
559.07 483.72 738.38 442.72
194.91 483.0 335.55 471.41
667.44 474.92 783.89 447.29
320.27 472.32 464.58 447.51
371.94 470.49 491.49 450.43
758.69 469.13 1022.97 405.66
102.34 468.85 260.86 462.71
339.4 467.59 462.32 451.1
365.35 466.09 472.01 449.95
105.37 466.15 262.95 460.23
336.46 463.99 459.76 448.22
582.78 460.32 766.96 415.04
64.43 458.57 230.6 454.07
749.08 458.2 1007.25 393.1
749.08 458.2 1007.25 393.1
592.2 455.81 777.31 409.64
606.51 447.04 790.69 400.21
612.87 445.59 804.21 396.33
644.4 438.11 845.75 384.72
258.0 435.84 393.02 422.88
258.0 435.84 393.02 422.88
1018.22 423.33 1238.86 359.81
477.84 416.48 631.3 378.87
156.34 405.55 301.24 398.47
477.32 401.89 630.03 362.99
479.78 394.26 631.87 355.57
476.03 385.67 627.24 347.36
477.79 381.73 629.31 341.46
592.56 375.66 771.38 319.81
922.07 374.48 1155.91 296.04
911.48 366.92 1143.04 288.16
588.78 367.22 827.84 282.17
562.03 364.79 733.79 310.87
553.33 365.05 724.01 316.05
371.52 362.06 491.34 343.87
917.7 361.28 1151.43 279.02
620.85 360.22 810.69 296.96
574.02 359.83 749.85 303.75
863.65 359.69 1098.89 280.98
914.67 359.0 1147.3 278.32
919.1 354.74 1152.48 272.62
578.01 350.33 753.1 294.27
649.6 347.71 785.34 309.75
657.03 345.4 859.28 274.63
610.36 343.78 794.31 282.02
595.38 344.06 774.04 283.98
573.34 342.63 748.03 285.39
599.49 342.2 835.51 250.71
854.08 340.21 1084.28 256.24
417.66 340.11 555.02 307.19
561.17 337.44 731.24 281.03
865.18 334.36 1099.04 248.09
865.18 334.36 1099.04 248.09
566.88 334.49 740.05 276.02
862.04 332.52 1094.76 245.5
417.01 331.95 554.07 299.22
685.05 327.29 902.07 246.77
658.88 321.32 857.29 248.53
467.78 319.37 612.58 277.3
469.48 310.16 611.78 269.72
1020.9 308.81 1232.92 222.53
790.24 308.96 1027.19 214.73
683.8 306.97 899.08 222.58
559.52 304.19 726.55 244.76
528.95 303.07 688.53 249.09
546.9 302.57 711.95 244.24
870.53 302.09 1100.56 209.87
789.9 301.55 1028.42 206.21
692.88 300.42 912.18 212.61
692.88 300.42 912.18 212.61
688.96 292.78 906.08 204.44
675.37 278.05 886.71 189.7
424.46 271.42 557.55 235.39
356.53 267.61 473.94 250.17
440.64 265.72 576.43 225.3
434.03 262.31 570.11 221.1
214.82 255.4 345.23 253.27
1040.9 252.4 1256.79 151.25
494.05 250.54 639.16 198.66
460.63 248.29 600.45 200.91
586.88 246.47 758.42 174.23
728.85 244.78 963.96 135.01
490.98 238.94 634.29 185.99
571.64 236.41 737.18 166.31
998.3 234.51 1202.25 134.3
846.82 230.07 1070.45 121.75
931.48 227.59 1149.26 120.47
160.66 224.26 300.68 226.28
422.92 223.79 552.64 186.58
927.05 223.55 1144.61 114.86
185.56 216.28 320.83 215.89
885.95 211.35 1101.2 100.61
487.77 211.14 629.57 156.88
721.88 207.04 951.35 91.24
900.59 206.63 1118.06 95.32
887.79 203.14 1103.72 90.05
896.42 201.85 1113.91 88.81
896.16 197.2 1113.42 82.22
888.5 192.66 1103.97 76.36
767.68 190.23 992.14 71.52
468.99 184.9 604.31 134.42
318.37 183.84 437.2 168.5
197.07 183.76 328.68 183.79
554.6 176.22 710.34 101.81
349.02 175.31 465.96 156.22
346.03 172.75 462.62 153.79
350.85 169.31 466.95 149.61
266.93 169.1 389.05 158.5
480.11 166.37 612.45 116.39
720.59 164.09 946.42 35.93
863.95 163.19 1077.79 40.15
321.03 161.28 438.91 145.58
674.88 156.42 876.85 44.22
422.04 156.34 547.32 115.16
674.93 149.98 876.08 36.64
558.18 147.01 713.57 68.71
521.98 143.14 666.77 75.28
540.71 142.59 692.06 67.21
833.88 138.56 1047.26 11.72
439.93 135.29 567.05 89.15
443.41 134.74 570.3 87.71
561.4 132.65 716.59 52.3
692.69 129.09 901.65 4.28
422.73 118.57 545.68 75.44
422.73 118.57 545.68 75.44
419.26 117.29 541.27 74.4
519.12 115.16 660.91 44.97
510.21 105.55 649.85 36.04
389.63 97.27 507.1 64.78
490.69 96.12 623.23 32.39
402.85 86.42 520.42 50.07
462.41 75.77 589.28 18.97
487.96 72.49 619.73 7.62
540.42 702.26 764.12 686.85
711.94 691.17 1012.13 676.41
711.94 691.17 1012.13 676.41
562.84 690.04 782.4 672.03
529.99 688.02 738.81 669.96
911.01 687.38 1254.42 677.13
540.05 687.42 752.49 669.19
431.57 686.96 626.2 667.56
515.91 681.54 719.39 661.84
422.55 678.89 696.03 668.92
437.39 674.87 624.63 654.63
500.16 674.57 703.93 654.56
511.97 673.46 714.33 652.78
442.7 670.41 629.62 649.8
514.16 668.26 716.44 647.46
635.36 666.07 895.9 644.29
773.54 661.91 1058.47 639.72
473.29 661.08 657.95 638.84
770.4 657.68 1053.42 635.27
770.74 648.17 1051.58 623.7
732.63 645.1 1019.27 619.33
765.23 638.55 1044.2 611.26
827.4 637.74 1103.75 611.36
830.02 634.56 1105.99 607.62
350.26 633.54 507.75 609.73
878.17 621.24 1148.22 592.02
768.97 618.32 1046.96 586.67
767.62 613.13 1046.12 580.71
834.45 607.39 1106.99 574.41
705.62 607.42 935.08 575.64
159.41 604.89 319.02 583.07
676.24 602.87 903.99 570.35
766.59 598.42 1042.92 563.09
746.31 595.45 1011.28 559.86
668.98 593.94 894.97 560.86
314.21 593.36 451.15 571.57
740.99 591.43 1002.61 555.12
152.26 590.23 310.09 569.49
745.23 588.51 1009.45 551.44
745.23 588.51 1009.45 551.44
738.49 588.81 998.17 551.77
760.71 588.25 1034.36 550.26
328.79 585.81 465.38 564.03
660.67 585.57 881.03 551.17
842.66 583.91 1110.91 546.63
842.66 583.91 1110.91 546.63
443.56 583.98 809.9 549.56
376.49 580.09 500.75 558.95
819.14 579.28 1088.57 540.27
830.75 573.11 1099.16 532.89
377.49 572.73 501.59 551.4
759.41 568.49 1031.83 526.23
845.61 566.37 1112.81 524.75
703.07 565.96 944.68 526.52
456.62 558.98 611.02 532.17
571.21 555.13 758.09 521.55
761.69 554.07 1034.51 508.49
757.3 554.05 1067.74 504.67
757.3 554.05 1028.5 508.68
101.6 553.93 263.63 538.77
350.57 548.89 476.46 529.13
790.45 548.46 1058.39 502.7
727.09 547.0 979.47 502.18
778.6 545.33 1049.19 498.17
818.69 540.39 1086.12 492.7
754.82 537.85 1022.26 489.04
791.67 537.64 1059.52 489.2
774.04 529.43 1044.12 478.49
679.99 528.95 906.99 484.38
657.18 527.4 1002.79 470.82
639.46 525.86 849.52 483.91
779.09 524.66 1047.59 473.11
720.24 519.76 967.58 470.36
508.52 517.77 628.6 494.57
481.72 517.24 611.1 492.9
61.96 513.09 230.99 503.32
257.05 508.35 406.59 487.76
674.61 503.52 899.94 455.24
435.16 499.49 583.96 470.87
386.34 498.6 528.23 478.28
636.0 494.58 843.1 448.25
282.24 494.66 418.08 477.33
282.24 494.66 418.08 477.33
741.92 493.33 999.98 436.43
741.92 493.33 999.98 436.43
698.76 490.92 932.23 438.38
594.62 489.84 783.89 447.29
599.8 488.89 783.89 447.29
599.8 488.89 783.89 447.29
697.72 486.78 930.28 433.43
614.31 485.88 783.89 447.29
600.65 486.15 791.49 442.56
629.99 485.35 946.51 411.55
623.91 483.96 783.89 447.29
628.0 483.01 778.24 448.35
619.04 482.26 758.19 450.81
730.26 480.84 821.01 456.59
652.76 478.01 783.89 447.29
655.06 474.47 841.27 430.03
662.1 473.33 955.42 402.1
677.21 473.05 778.24 448.35
127.9 472.55 280.45 464.9
698.69 471.47 961.38 407.89
718.29 467.4 961.38 407.89
723.47 466.42 966.33 406.66
816.59 463.26 1069.95 400.36
729.46 458.66 881.31 420.39
616.11 457.9 780.49 417.9
707.53 457.02 943.26 396.87
318.54 453.07 447.44 436.69
693.29 449.52 921.58 389.94
632.59 447.18 833.2 394.78
614.99 442.95 805.88 393.02
258.11 442.96 392.65 428.82
748.9 441.18 1005.91 373.04
658.33 437.31 867.55 381.01
659.18 434.3 867.49 377.29
446.77 433.89 592.86 401.54
453.29 433.59 602.56 399.97
441.79 432.93 612.44 388.57
587.02 432.19 769.75 384.01
682.56 430.82 903.69 369.92
694.83 427.72 923.42 363.59
463.76 426.25 587.07 404.42
463.76 426.25 587.07 404.42
463.57 423.2 586.57 401.21
678.56 422.71 887.08 363.47
478.29 422.66 631.82 385.28
708.08 415.44 940.57 347.84
452.86 413.92 600.74 378.97
692.17 409.0 917.26 342.43
428.5 408.34 571.45 376.59
734.44 405.73 982.42 331.73
385.03 402.43 520.86 376.54
865.35 400.72 1102.59 328.38
1014.03 399.46 1232.54 330.52
386.14 399.18 522.14 372.4
476.51 393.37 628.57 354.49
715.67 392.97 952.75 320.13
688.46 392.57 911.96 323.89
863.48 390.68 1100.34 316.82
967.54 385.81 1199.0 310.85
863.09 385.09 1098.83 309.96
740.95 385.15 990.77 305.85
743.47 383.02 993.82 302.71
711.22 370.58 942.85 293.64
688.89 370.31 910.82 296.84
309.1 368.42 439.05 351.29
736.12 368.02 981.2 286.24
860.45 366.26 1094.42 288.0
716.6 366.8 952.01 287.83
371.09 366.4 491.21 348.27
741.92 365.41 990.4 281.8
710.57 362.34 942.24 283.62
565.22 355.28 738.34 300.17
721.56 351.98 958.4 269.39
648.49 350.9 850.13 281.45
590.62 349.39 767.4 291.65
659.51 346.74 862.64 275.59
856.98 341.82 1088.27 258.27
858.01 337.22 1089.41 252.19
557.95 332.71 727.18 276.07
439.01 332.14 577.28 296.28
630.57 331.04 822.33 263.59
862.75 329.44 1096.62 241.06
452.35 325.56 570.56 305.79
621.9 323.63 810.84 255.21
623.38 320.5 813.3 251.79
459.95 315.82 577.28 296.28
546.45 312.11 710.9 255.53
478.34 309.96 622.78 266.6
663.32 308.21 864.37 231.03
687.49 306.51 904.78 221.65
681.33 298.85 895.42 213.71
791.94 298.56 1028.45 202.26
680.08 293.11 894.13 206.79
517.86 288.81 672.46 235.71
541.32 285.49 701.92 227.53
671.37 279.57 879.17 192.55
684.23 279.24 898.21 189.82
558.52 276.36 722.91 214.43
451.44 271.67 587.78 231.28
427.6 267.85 562.04 229.9
622.46 263.36 895.76 125.35
463.77 262.86 603.45 217.99
534.56 258.13 691.04 198.34
444.02 256.25 579.16 215.92
527.2 253.72 682.63 195.16
649.34 250.27 825.99 176.82
798.73 248.56 1029.21 142.88
488.44 241.98 632.18 190.52
488.44 241.98 632.18 190.52
628.68 238.85 814.82 155.52
573.71 239.08 739.39 169.47
573.71 239.08 739.39 169.47
433.77 238.96 567.08 198.74
579.51 234.89 747.61 163.12
930.61 230.77 1149.54 126.94
1013.91 228.45 810.69 296.96
699.77 220.42 917.95 114.39
745.87 218.67 976.26 105.84
418.42 218.7 548.54 181.57
507.83 212.56 654.32 154.95
315.21 212.07 436.45 197.13
987.92 206.36 1188.33 100.42
692.57 205.8 905.2 99.67
649.87 203.56 842.7 108.9
486.94 202.42 627.94 148.54
703.06 199.17 937.87 75.68
683.86 192.59 891.42 84.79
352.8 192.54 469.83 173.09
193.25 190.22 326.02 189.66
237.27 187.67 364.66 181.41
349.34 172.22 466.7 152.8
861.15 165.16 1075.63 44.98
668.34 164.66 867.61 56.54
531.03 161.21 679.58 92.66
587.62 158.23 810.64 16.43
680.03 156.69 884.68 42.51
829.2 142.74 1041.21 17.79
826.07 142.04 1037.89 17.26
669.15 139.46 866.58 25.86
439.99 134.71 567.05 89.15
526.69 123.46 670.77 51.98
630.97 119.08 809.35 13.44
778.45 118.16 744.45 156.54
651.34 101.73 809.35 13.44
466.97 96.65 595.68 40.42
441.41 94.07 564.5 45.02
520.03 83.21 660.17 8.54
484.84 73.33 616.28 7.33
470.83 68.1 593.94 15.38
436.69 68.17 557.15 22.06
422.95 65.17 542.11 21.13
422.95 65.17 542.11 21.13
794.08 13.42 789.51 36.78
717.52 576.13 978.6 539.23
762.74 229.67 995.65 119.09
321.13 304.5 437.97 292.91
857.53 705.12 1175.75 697.03
886.09 657.62 1159.97 632.23
456.44 426.29 605.76 394.06
488.19 591.21 652.71 560.65
236.05 567.99 389.08 541.51
156.36 551.38 310.84 537.76
776.1 520.16 1047.04 469.63
408.46 438.75 550.84 413.16
72.87 422.04 235.65 420.36
484.21 593.06 652.71 560.65
225.95 516.55 367.77 500.77
736.55 506.11 997.83 457.37
736.19 454.49 990.5 390.91
533.93 344.62 702.85 286.49
85.7 690.27 287.46 664.55
123.62 431.22 273.5 430.17
580.23 313.37 752.85 251.96
657.64 302.46 863.2 222.83
532.34 288.92 691.02 228.18
684.01 160.24 892.13 46.03
472.36 574.06 632.71 544.24
765.14 480.2 1028.48 416.72
198.96 480.99 339.08 470.83
280.56 442.9 413.24 426.43
280.56 442.9 413.24 426.43
888.76 416.71 1129.15 346.59
466.76 401.22 620.84 359.5
466.76 401.22 620.84 359.5
585.63 339.87 762.27 280.23
782.02 272.8 1017.48 173.14
734.88 240.41 967.34 129.56
376.7 567.19 519.16 543.84
617.73 545.44 817.38 507.45
645.12 542.27 853.24 504.94
915.86 538.32 1172.77 489.8
546.08 538.45 723.86 502.86
175.55 443.77 316.51 436.4
757.13 436.83 1012.3 366.5
436.25 416.19 580.27 384.43
436.25 416.19 580.27 384.43
786.55 349.83 1028.41 261.98
645.14 336.29 840.82 267.2
303.86 335.78 431.24 320.77
738.13 281.06 976.5 179.13
721.99 274.3 957.04 170.71
219.98 266.11 349.62 262.08
734.37 239.92 967.34 129.56
268.05 610.36 420.87 586.84
209.06 599.22 364.27 578.82
191.98 594.05 342.44 572.58
154.01 589.08 310.65 569.01
915.9 576.16 1178.6 536.48
819.61 547.58 1085.3 500.45
795.19 544.51 1063.95 493.99
981.77 534.79 1233.9 485.65
981.77 534.79 1233.9 485.65
149.58 446.91 293.67 442.32
100.25 436.92 256.5 433.82
637.92 436.07 837.91 382.78
217.69 431.72 354.49 422.12
573.29 415.06 752.52 365.22
56.79 407.8 221.43 409.07
149.94 392.95 297.57 388.39
337.7 375.71 457.22 361.33
584.73 374.84 762.28 317.29
584.73 374.84 762.28 317.29
570.28 367.57 745.83 314.98
570.28 367.57 745.83 314.98
208.59 330.02 345.04 325.5
208.59 330.02 345.04 325.5
875.56 306.98 1105.97 214.41
822.68 274.16 1053.32 173.32
753.68 230.85 983.97 120.24
892.19 203.39 1109.12 91.08
745.64 173.96 969.65 51.45
563.11 159.09 720.76 81.23
576.45 139.6 734.99 56.9
870.1 619.9 1141.62 589.47
607.75 594.22 809.23 565.97
823.75 580.19 1093.25 542.07
231.77 576.16 383.49 552.89
841.81 574.43 1108.86 533.67
450.35 560.63 604.33 533.73
450.35 560.63 604.33 533.73
766.37 555.34 1038.2 507.58
249.53 554.16 385.93 536.52
970.14 541.47 1223.11 498.38
785.17 537.31 1053.73 488.65
969.85 529.8 1221.62 482.94
44.43 518.25 219.92 508.25
440.32 490.1 588.56 462.01
897.59 484.67 1150.48 426.82
897.59 484.67 1150.48 426.82
843.85 480.46 1100.71 420.38
289.86 473.88 421.26 454.68
824.95 453.81 1076.1 388.64
326.29 433.08 449.99 422.87
745.81 378.17 996.51 298.68
735.6 371.49 982.49 291.32
867.09 367.8 1103.01 289.75
179.38 327.52 321.22 322.39
864.75 286.76 1095.89 190.64
864.75 286.76 1095.89 190.64
440.29 277.28 575.13 238.6
1042.23 272.81 1261.34 174.1
849.76 264.74 1077.1 162.61
456.41 247.94 593.83 203.47
482.93 223.92 625.75 169.91
842.24 203.72 1061.21 90.18
253.16 167.63 378.1 160.6
833.13 147.83 1046.55 22.33
449.97 130.71 601.56 46.21
239.35 585.31 386.61 564.73
201.51 565.19 346.27 546.85
956.36 559.93 1212.94 519.82
605.62 553.71 804.67 519.5
901.19 540.85 1212.34 484.81
830.31 538.94 1094.46 490.5
908.58 536.52 1166.03 490.9
995.23 535.6 1246.18 489.44
81.26 518.37 246.04 507.09
477.05 481.11 632.46 448.44
172.23 467.96 314.32 460.84
972.53 457.74 1210.03 398.29
644.83 446.99 847.89 393.84
438.41 431.16 582.96 400.37
796.66 405.12 1049.24 332.64
922.16 393.92 1157.61 320.54
374.31 385.71 490.0 370.23
348.66 364.79 468.37 349.14
564.8 349.71 737.25 292.04
564.8 349.71 737.25 292.04
870.31 343.66 1105.87 258.05
179.81 327.64 321.22 322.39
925.67 324.68 1154.55 235.9
543.8 307.6 708.88 249.84
543.8 307.6 708.88 249.84
563.11 305.07 728.88 245.32
765.63 275.73 1000.23 174.54
357.87 252.09 475.9 233.05
479.37 240.89 618.62 193.88
995.75 217.83 1197.64 114.55
738.46 217.46 969.2 103.68
252.47 211.84 380.49 207.0
719.51 211.01 948.9 96.69
180.75 189.82 315.6 190.65
894.88 163.19 1108.46 42.06
833.1 147.08 1046.55 22.33
842.08 146.36 1057.9 22.99
449.43 131.48 601.56 46.21
429.38 74.45 549.37 28.19
312.31 765.71 543.51 759.37
754.18 712.24 1063.67 706.43
797.14 686.4 1099.03 670.28
497.04 686.51 701.32 667.73
680.17 663.33 968.83 642.54
866.99 635.0 1139.36 609.17
915.91 600.58 1180.38 565.2
962.96 596.17 1223.7 563.7
224.9 583.96 372.05 563.6
179.99 566.67 326.98 549.99
948.5 558.56 1203.52 517.4
468.78 492.27 621.91 461.4
478.34 490.18 636.67 457.28
723.07 480.83 970.73 423.98
563.62 480.76 743.51 441.0
563.62 480.76 743.51 441.0
915.17 473.52 1160.77 413.34
623.03 444.35 820.64 392.93
560.96 431.77 737.16 385.82
560.81 423.63 736.92 377.65
174.14 422.82 319.31 415.1
461.55 421.19 609.62 386.63
461.55 421.19 609.62 386.63
38.57 418.94 210.81 419.83
157.22 409.82 303.09 402.77
972.06 406.67 1205.69 335.96
969.74 389.59 1202.23 315.24
931.65 368.15 1164.84 289.29
946.5 339.53 1175.95 253.96
862.34 338.35 1095.89 252.66
1021.25 337.24 1235.38 256.84
300.42 333.62 427.45 318.27
687.08 332.38 905.77 254.65
924.91 324.14 1154.55 235.9
192.37 318.22 332.46 315.18
897.19 314.32 1127.91 225.44
544.16 307.51 708.88 249.84
544.16 307.51 708.88 249.84
1015.2 305.52 1226.21 219.31
473.09 304.06 615.5 260.81
556.21 300.92 721.45 241.96
796.21 299.92 1034.76 203.59
464.74 291.86 605.06 249.18
560.4 289.56 726.07 228.95
782.59 285.46 1017.11 186.16
671.46 285.77 883.15 197.78
1009.61 277.45 1217.95 183.14
442.49 270.52 602.75 207.34
946.98 264.63 1166.48 165.67
840.76 245.69 1067.15 141.65
802.45 230.95 1029.37 122.18
893.96 219.69 1112.97 111.06
557.46 211.17 716.45 139.16
891.94 198.41 1108.34 82.83
389.18 189.5 512.96 158.56
441.21 154.76 568.79 109.27
476.1 110.93 604.25 55.19
454.43 71.75 577.92 18.35
262.2 615.7 416.23 592.94
320.09 614.77 473.41 590.69
185.35 608.68 340.81 585.74
941.15 608.48 1205.57 576.9
262.2 608.17 415.14 583.51
252.63 608.34 407.92 584.72
229.69 606.01 380.66 584.57
206.33 579.92 353.28 559.58
457.94 560.59 613.58 535.49
446.91 557.1 601.0 529.65
908.14 547.82 1166.27 503.28
80.79 538.28 247.26 525.63
650.67 536.88 865.68 496.11
187.07 537.13 332.04 521.41
50.28 522.95 224.0 511.67
38.48 523.14 215.78 511.35
38.48 523.14 215.78 511.35
562.92 517.63 745.6 481.1
264.15 514.26 412.2 493.52
83.13 510.43 247.41 499.95
83.13 510.43 247.41 499.95
200.57 505.78 341.93 493.0
46.39 505.42 219.57 498.4
917.02 503.81 1170.26 451.27
461.99 489.8 614.55 459.17
451.87 490.24 601.14 461.14
47.59 490.74 219.98 481.28
201.65 488.4 341.95 476.99
746.68 477.48 1007.39 416.85
581.15 465.28 765.19 420.79
208.45 451.52 346.91 439.07
155.0 443.63 298.05 439.02
123.51 443.69 272.98 440.79
884.65 441.86 1129.98 374.83
208.97 438.63 345.87 427.23
576.96 433.67 757.87 385.03
32.56 416.29 206.21 416.95
461.53 411.27 609.07 376.69
461.53 411.27 609.07 376.69
481.6 404.31 634.52 366.9
484.9 397.64 637.99 358.4
484.9 397.64 637.99 358.4
884.16 394.41 1124.04 319.44
332.9 386.5 452.17 373.43
883.71 377.65 1121.28 298.28
775.29 364.37 1020.43 281.16
229.87 358.68 365.02 352.49
582.57 358.03 759.21 301.24
568.9 356.51 742.35 301.09
587.08 350.22 765.32 296.22
956.32 344.8 1184.71 259.59
570.33 338.19 743.85 279.91
436.19 336.46 574.11 300.52
831.42 324.16 1065.36 234.81
953.64 320.81 1180.24 233.66
891.59 316.08 1121.55 225.47
871.07 308.13 1102.08 216.3
465.42 305.07 607.52 261.46
1001.06 292.95 1210.16 203.0
800.54 292.35 1038.28 195.08
554.28 289.03 719.24 228.87
1011.24 286.2 1220.92 196.79
794.92 286.39 1031.3 187.2
898.56 277.08 1123.81 179.14
608.8 275.15 789.86 202.38
1023.1 264.6 1236.93 167.29
338.28 262.36 458.14 243.62
296.66 260.72 420.43 249.64
1006.0 259.97 1212.19 163.8
778.14 240.94 1007.76 133.1
567.24 233.69 731.59 163.52
257.91 234.41 384.09 227.59
487.39 223.0 629.81 170.27
911.02 209.2 1128.89 99.14
911.02 209.2 1128.89 99.14
489.31 205.65 630.48 151.46
190.09 197.14 323.58 195.65
395.14 192.23 519.45 160.53
771.61 184.53 995.56 65.59
332.39 182.02 449.93 165.07
748.67 176.13 973.38 54.5
767.87 165.1 988.74 39.52
715.51 163.74 938.74 39.97
341.5 162.97 457.55 144.25
436.03 160.0 561.56 120.23
971.05 153.15 1167.7 37.49
448.5 141.53 575.86 94.72
580.98 139.52 739.65 57.28
893.8 134.28 1103.27 6.24
432.34 131.54 580.37 52.07
436.05 97.63 558.11 52.64
484.11 80.95 615.87 17.55
392.42 751.24 625.25 743.45
478.39 731.15 712.79 721.34
496.26 689.68 700.87 670.84
705.33 674.94 999.59 657.42
719.93 642.84 1004.94 617.14
723.24 635.8 1007.67 610.78
17.77 626.09 215.1 599.22
191.49 622.44 353.07 599.46
195.24 617.86 354.34 594.63
261.7 616.44 416.23 592.94
320.05 615.37 473.41 590.69
261.5 607.51 415.14 583.51
229.51 606.37 380.66 584.57
163.62 605.98 323.11 583.98
192.4 599.67 346.8 578.7
80.3 597.39 254.75 576.72
10.49 596.88 201.18 575.67
323.76 593.36 461.65 571.28
326.94 588.48 462.89 566.46
386.2 571.84 533.29 548.16
603.07 570.71 801.66 537.33
307.92 559.36 444.05 539.34
307.92 559.36 444.05 539.34
56.68 556.4 230.82 541.69
449.84 552.35 812.94 497.81
336.18 551.81 463.51 532.07
198.43 536.76 342.53 520.71
613.46 536.29 812.94 497.81
993.42 528.28 1243.19 481.88
77.12 522.23 243.77 510.67
183.03 519.19 326.77 505.06
251.72 518.34 400.8 496.8
264.56 513.66 412.2 493.52
562.03 510.26 744.15 472.33
562.03 510.26 744.15 472.33
83.85 503.59 247.22 494.32
1029.35 496.46 1257.52 446.1
185.0 492.94 326.98 481.8
170.95 492.12 314.15 482.36
85.43 488.59 247.73 480.78
53.21 486.49 223.86 479.55
456.42 485.84 627.2 450.28
115.74 485.94 270.56 477.61
664.96 485.6 954.97 419.17
125.25 482.21 278.59 473.47
696.69 479.67 954.97 419.17
184.95 479.28 326.77 470.33
78.94 479.04 243.41 471.86
755.77 477.91 1020.29 415.71
166.27 476.33 309.91 467.94
86.24 474.24 247.84 467.98
91.6 474.22 252.86 468.84
580.89 465.33 765.19 420.79
750.32 464.87 1010.0 401.28
68.21 465.09 233.93 460.89
208.45 451.53 346.91 439.07
932.74 449.56 1175.17 389.84
389.14 448.77 529.1 426.74
880.83 448.69 1126.9 384.59
155.4 443.58 298.8 438.54
884.67 441.9 1129.98 374.83
94.15 432.74 251.5 430.46
456.02 430.37 604.12 396.65
430.46 429.36 575.04 398.11
173.25 429.02 318.79 419.72
96.1 428.51 253.64 427.37
428.97 424.17 573.09 393.68
1020.88 420.2 1241.67 355.06
477.34 411.06 630.58 371.57
433.87 405.02 574.86 374.64
482.89 389.79 635.31 350.37
482.18 382.63 634.37 343.1
300.81 382.19 429.98 366.28
563.1 377.15 735.86 323.62
653.16 360.29 726.12 337.71
866.37 351.71 1101.34 267.82
651.96 350.88 787.49 312.73
950.0 345.47 1179.32 261.71
420.78 341.42 558.38 308.9
994.9 339.13 1208.32 257.58
925.93 335.52 1156.03 250.55
1009.64 333.63 1087.73 298.15
867.75 327.54 1101.95 238.57
867.75 327.54 1101.95 238.57
822.95 325.4 1052.84 237.74
588.19 323.19 765.62 261.02
531.36 322.21 691.38 269.19
835.82 319.33 1070.42 229.02
1011.6 314.62 1221.74 228.29
671.88 307.49 879.8 227.66
948.14 304.97 1172.22 214.17
488.56 298.31 634.05 253.06
950.11 297.2 1172.14 204.97
950.11 297.2 1172.14 204.97
990.66 295.76 1200.55 208.11
685.78 289.31 900.34 201.53
685.78 289.31 900.34 201.53
804.71 289.21 1039.2 189.73
443.04 286.29 580.14 246.87
903.16 274.81 1128.72 177.47
455.16 266.33 591.21 224.79
345.31 255.81 463.0 239.18
810.91 243.06 1037.81 132.61
465.97 236.97 579.16 215.92
461.72 236.89 575.97 215.19
931.76 233.15 1149.54 126.94
838.13 232.22 1061.4 123.4
466.58 231.95 604.47 184.95
902.99 224.49 1122.88 116.84
487.44 222.95 629.81 170.27
918.91 214.95 1135.7 103.92
446.86 203.57 579.11 160.46
196.79 194.35 329.58 192.72
720.01 191.61 948.89 72.3
460.66 187.99 592.44 141.53
348.57 182.14 464.19 162.67
234.27 177.94 362.02 173.34
269.97 175.86 392.48 166.75
773.71 172.65 995.75 52.04
867.95 171.17 1084.05 51.54
317.38 168.98 435.75 152.69
442.84 164.74 571.3 120.79
306.22 147.18 425.25 132.89
553.25 145.96 706.88 69.24
552.99 139.47 706.16 61.29
636.96 121.44 816.52 17.0
418.53 107.62 541.08 66.18
389.81 104.34 508.76 70.71
392.02 100.26 509.88 66.49
441.01 99.65 564.05 52.29
456.92 98.02 588.03 39.6
460.47 93.38 588.03 39.6
484.63 91.5 617.84 27.34
442.91 89.84 565.52 41.0
484.32 80.6 615.87 17.55
430.82 71.29 550.82 26.15
430.53 61.98 549.6 15.73
572.0 691.81 795.25 674.0
572.0 691.81 795.25 674.0
500.96 688.42 705.4 669.65
519.65 685.9 726.63 667.19
793.47 682.94 1091.74 665.97
853.66 634.61 1126.84 607.57
379.37 634.24 537.6 610.64
378.03 631.18 536.66 607.45
361.46 630.51 519.28 605.94
355.58 628.22 512.02 604.84
366.58 623.78 523.2 600.58
332.91 620.96 489.34 597.87
262.47 620.14 416.77 596.7
775.74 616.2 1053.72 584.52
186.63 613.72 345.14 590.52
35.8 613.59 222.83 590.58
181.23 612.0 337.31 587.94
168.13 608.53 326.73 586.38
773.98 606.86 1050.91 573.08
217.75 605.46 371.17 583.56
188.27 601.05 342.98 579.05
188.27 601.05 342.98 579.05
154.41 593.22 312.16 572.47
443.38 589.01 599.44 559.47
771.45 587.25 1047.25 548.81
757.54 586.56 1029.14 548.74
757.54 586.56 1029.14 548.74
311.63 586.3 449.08 564.71
754.87 583.41 1025.97 545.03
219.57 583.28 367.47 563.32
637.21 582.07 839.54 550.06
381.31 574.44 528.45 551.53
310.64 572.51 447.14 551.63
307.78 570.39 444.58 549.58
213.29 564.7 354.93 546.36
310.19 562.73 446.11 542.3
443.0 559.25 805.79 511.01
94.84 557.35 258.74 541.44
446.3 556.5 601.0 529.65
343.32 548.89 469.3 529.24
357.26 548.31 481.27 528.96
942.36 543.01 1195.07 499.06
611.09 540.02 810.61 501.81
611.09 540.02 810.61 501.81
236.59 535.76 374.35 519.01
760.83 534.67 1031.26 485.08
206.17 522.96 348.1 508.88
196.41 522.62 339.08 508.75
758.71 515.57 1027.7 461.67
515.3 513.81 633.79 490.78
511.57 511.51 611.1 492.9
260.61 510.06 409.75 489.64
552.02 503.75 731.21 465.69
562.58 499.31 743.23 460.94
440.46 496.49 616.42 459.54
464.98 486.59 590.98 464.08
888.89 485.38 1141.05 426.5
559.07 483.72 738.38 442.72
194.91 483.0 335.55 471.41
667.44 474.92 783.89 447.29
320.27 472.32 464.58 447.51
371.94 470.49 491.49 450.43
758.69 469.13 1022.97 405.66
102.34 468.85 260.86 462.71
339.4 467.59 462.32 451.1
365.35 466.09 472.01 449.95
105.37 466.15 262.95 460.23
336.46 463.99 459.76 448.22
582.78 460.32 766.96 415.04
64.43 458.57 230.6 454.07
749.08 458.2 1007.25 393.1
749.08 458.2 1007.25 393.1
592.2 455.81 777.31 409.64
606.51 447.04 790.69 400.21
612.87 445.59 804.21 396.33
644.4 438.11 845.75 384.72
258.0 435.84 393.02 422.88
258.0 435.84 393.02 422.88
1018.22 423.33 1238.86 359.81
477.84 416.48 631.3 378.87
156.34 405.55 301.24 398.47
477.32 401.89 630.03 362.99
479.78 394.26 631.87 355.57
476.03 385.67 627.24 347.36
477.79 381.73 629.31 341.46
592.56 375.66 771.38 319.81
922.07 374.48 1155.91 296.04
911.48 366.92 1143.04 288.16
588.78 367.22 827.84 282.17
562.03 364.79 733.79 310.87
553.33 365.05 724.01 316.05
371.52 362.06 491.34 343.87
917.7 361.28 1151.43 279.02
620.85 360.22 810.69 296.96
574.02 359.83 749.85 303.75
863.65 359.69 1098.89 280.98
914.67 359.0 1147.3 278.32
919.1 354.74 1152.48 272.62
578.01 350.33 753.1 294.27
649.6 347.71 785.34 309.75
657.03 345.4 859.28 274.63
610.36 343.78 794.31 282.02
595.38 344.06 774.04 283.98
573.34 342.63 748.03 285.39
599.49 342.2 835.51 250.71
854.08 340.21 1084.28 256.24
417.66 340.11 555.02 307.19
561.17 337.44 731.24 281.03
865.18 334.36 1099.04 248.09
865.18 334.36 1099.04 248.09
566.88 334.49 740.05 276.02
862.04 332.52 1094.76 245.5
417.01 331.95 554.07 299.22
685.05 327.29 902.07 246.77
658.88 321.32 857.29 248.53
467.78 319.37 612.58 277.3
469.48 310.16 611.78 269.72
1020.9 308.81 1232.92 222.53
790.24 308.96 1027.19 214.73
683.8 306.97 899.08 222.58
559.52 304.19 726.55 244.76
528.95 303.07 688.53 249.09
546.9 302.57 711.95 244.24
870.53 302.09 1100.56 209.87
789.9 301.55 1028.42 206.21
692.88 300.42 912.18 212.61
692.88 300.42 912.18 212.61
688.96 292.78 906.08 204.44
675.37 278.05 886.71 189.7
424.46 271.42 557.55 235.39
356.53 267.61 473.94 250.17
440.64 265.72 576.43 225.3
434.03 262.31 570.11 221.1
214.82 255.4 345.23 253.27
1040.9 252.4 1256.79 151.25
494.05 250.54 639.16 198.66
460.63 248.29 600.45 200.91
586.88 246.47 758.42 174.23
728.85 244.78 963.96 135.01
490.98 238.94 634.29 185.99
571.64 236.41 737.18 166.31
998.3 234.51 1202.25 134.3
846.82 230.07 1070.45 121.75
931.48 227.59 1149.26 120.47
160.66 224.26 300.68 226.28
422.92 223.79 552.64 186.58
927.05 223.55 1144.61 114.86
185.56 216.28 320.83 215.89
885.95 211.35 1101.2 100.61
487.77 211.14 629.57 156.88
721.88 207.04 951.35 91.24
900.59 206.63 1118.06 95.32
887.79 203.14 1103.72 90.05
896.42 201.85 1113.91 88.81
896.16 197.2 1113.42 82.22
888.5 192.66 1103.97 76.36
767.68 190.23 992.14 71.52
468.99 184.9 604.31 134.42
318.37 183.84 437.2 168.5
197.07 183.76 328.68 183.79
554.6 176.22 710.34 101.81
349.02 175.31 465.96 156.22
346.03 172.75 462.62 153.79
350.85 169.31 466.95 149.61
266.93 169.1 389.05 158.5
480.11 166.37 612.45 116.39
720.59 164.09 946.42 35.93
863.95 163.19 1077.79 40.15
321.03 161.28 438.91 145.58
674.88 156.42 876.85 44.22
422.04 156.34 547.32 115.16
674.93 149.98 876.08 36.64
558.18 147.01 713.57 68.71
521.98 143.14 666.77 75.28
540.71 142.59 692.06 67.21
833.88 138.56 1047.26 11.72
439.93 135.29 567.05 89.15
443.41 134.74 570.3 87.71
561.4 132.65 716.59 52.3
692.69 129.09 901.65 4.28
422.73 118.57 545.68 75.44
422.73 118.57 545.68 75.44
419.26 117.29 541.27 74.4
519.12 115.16 660.91 44.97
510.21 105.55 649.85 36.04
389.63 97.27 507.1 64.78
490.69 96.12 623.23 32.39
402.85 86.42 520.42 50.07
462.41 75.77 589.28 18.97
487.96 72.49 619.73 7.62
540.42 702.26 764.12 686.85
711.94 691.17 1012.13 676.41
711.94 691.17 1012.13 676.41
562.84 690.04 782.4 672.03
529.99 688.02 738.81 669.96
911.01 687.38 1254.42 677.13
540.05 687.42 752.49 669.19
431.57 686.96 626.2 667.56
515.91 681.54 719.39 661.84
422.55 678.89 696.03 668.92
437.39 674.87 624.63 654.63
500.16 674.57 703.93 654.56
511.97 673.46 714.33 652.78
442.7 670.41 629.62 649.8
514.16 668.26 716.44 647.46
635.36 666.07 895.9 644.29
773.54 661.91 1058.47 639.72
473.29 661.08 657.95 638.84
770.4 657.68 1053.42 635.27
770.74 648.17 1051.58 623.7
732.63 645.1 1019.27 619.33
765.23 638.55 1044.2 611.26
827.4 637.74 1103.75 611.36
830.02 634.56 1105.99 607.62
350.26 633.54 507.75 609.73
878.17 621.24 1148.22 592.02
768.97 618.32 1046.96 586.67
767.62 613.13 1046.12 580.71
834.45 607.39 1106.99 574.41
705.62 607.42 935.08 575.64
159.41 604.89 319.02 583.07
676.24 602.87 903.99 570.35
766.59 598.42 1042.92 563.09
746.31 595.45 1011.28 559.86
668.98 593.94 894.97 560.86
314.21 593.36 451.15 571.57
740.99 591.43 1002.61 555.12
152.26 590.23 310.09 569.49
745.23 588.51 1009.45 551.44
745.23 588.51 1009.45 551.44
738.49 588.81 998.17 551.77
760.71 588.25 1034.36 550.26
328.79 585.81 465.38 564.03
660.67 585.57 881.03 551.17
842.66 583.91 1110.91 546.63
842.66 583.91 1110.91 546.63
443.56 583.98 809.9 549.56
376.49 580.09 500.75 558.95
819.14 579.28 1088.57 540.27
830.75 573.11 1099.16 532.89
377.49 572.73 501.59 551.4
759.41 568.49 1031.83 526.23
845.61 566.37 1112.81 524.75
703.07 565.96 944.68 526.52
456.62 558.98 611.02 532.17
571.21 555.13 758.09 521.55
761.69 554.07 1034.51 508.49
757.3 554.05 1067.74 504.67
757.3 554.05 1028.5 508.68
101.6 553.93 263.63 538.77
350.57 548.89 476.46 529.13
790.45 548.46 1058.39 502.7
727.09 547.0 979.47 502.18
778.6 545.33 1049.19 498.17
818.69 540.39 1086.12 492.7
754.82 537.85 1022.26 489.04
791.67 537.64 1059.52 489.2
774.04 529.43 1044.12 478.49
679.99 528.95 906.99 484.38
657.18 527.4 1002.79 470.82
639.46 525.86 849.52 483.91
779.09 524.66 1047.59 473.11
720.24 519.76 967.58 470.36
508.52 517.77 628.6 494.57
481.72 517.24 611.1 492.9
61.96 513.09 230.99 503.32
257.05 508.35 406.59 487.76
674.61 503.52 899.94 455.24
435.16 499.49 583.96 470.87
386.34 498.6 528.23 478.28
636.0 494.58 843.1 448.25
282.24 494.66 418.08 477.33
282.24 494.66 418.08 477.33
741.92 493.33 999.98 436.43
741.92 493.33 999.98 436.43
698.76 490.92 932.23 438.38
594.62 489.84 783.89 447.29
599.8 488.89 783.89 447.29
599.8 488.89 783.89 447.29
697.72 486.78 930.28 433.43
614.31 485.88 783.89 447.29
600.65 486.15 791.49 442.56
629.99 485.35 946.51 411.55
623.91 483.96 783.89 447.29
628.0 483.01 778.24 448.35
619.04 482.26 758.19 450.81
730.26 480.84 821.01 456.59
652.76 478.01 783.89 447.29
655.06 474.47 841.27 430.03
662.1 473.33 955.42 402.1
677.21 473.05 778.24 448.35
127.9 472.55 280.45 464.9
698.69 471.47 961.38 407.89
718.29 467.4 961.38 407.89
723.47 466.42 966.33 406.66
816.59 463.26 1069.95 400.36
729.46 458.66 881.31 420.39
616.11 457.9 780.49 417.9
707.53 457.02 943.26 396.87
318.54 453.07 447.44 436.69
693.29 449.52 921.58 389.94
632.59 447.18 833.2 394.78
614.99 442.95 805.88 393.02
258.11 442.96 392.65 428.82
748.9 441.18 1005.91 373.04
658.33 437.31 867.55 381.01
659.18 434.3 867.49 377.29
446.77 433.89 592.86 401.54
453.29 433.59 602.56 399.97
441.79 432.93 612.44 388.57
587.02 432.19 769.75 384.01
682.56 430.82 903.69 369.92
694.83 427.72 923.42 363.59
463.76 426.25 587.07 404.42
463.76 426.25 587.07 404.42
463.57 423.2 586.57 401.21
678.56 422.71 887.08 363.47
478.29 422.66 631.82 385.28
708.08 415.44 940.57 347.84
452.86 413.92 600.74 378.97
692.17 409.0 917.26 342.43
428.5 408.34 571.45 376.59
734.44 405.73 982.42 331.73
385.03 402.43 520.86 376.54
865.35 400.72 1102.59 328.38
1014.03 399.46 1232.54 330.52
386.14 399.18 522.14 372.4
476.51 393.37 628.57 354.49
715.67 392.97 952.75 320.13
688.46 392.57 911.96 323.89
863.48 390.68 1100.34 316.82
967.54 385.81 1199.0 310.85
863.09 385.09 1098.83 309.96
740.95 385.15 990.77 305.85
743.47 383.02 993.82 302.71
711.22 370.58 942.85 293.64
688.89 370.31 910.82 296.84
309.1 368.42 439.05 351.29
736.12 368.02 981.2 286.24
860.45 366.26 1094.42 288.0
716.6 366.8 952.01 287.83
371.09 366.4 491.21 348.27
741.92 365.41 990.4 281.8
710.57 362.34 942.24 283.62
565.22 355.28 738.34 300.17
721.56 351.98 958.4 269.39
648.49 350.9 850.13 281.45
590.62 349.39 767.4 291.65
659.51 346.74 862.64 275.59
856.98 341.82 1088.27 258.27
858.01 337.22 1089.41 252.19
557.95 332.71 727.18 276.07
439.01 332.14 577.28 296.28
630.57 331.04 822.33 263.59
862.75 329.44 1096.62 241.06
452.35 325.56 570.56 305.79
621.9 323.63 810.84 255.21
623.38 320.5 813.3 251.79
459.95 315.82 577.28 296.28
546.45 312.11 710.9 255.53
478.34 309.96 622.78 266.6
663.32 308.21 864.37 231.03
687.49 306.51 904.78 221.65
681.33 298.85 895.42 213.71
791.94 298.56 1028.45 202.26
680.08 293.11 894.13 206.79
517.86 288.81 672.46 235.71
541.32 285.49 701.92 227.53
671.37 279.57 879.17 192.55
684.23 279.24 898.21 189.82
558.52 276.36 722.91 214.43
451.44 271.67 587.78 231.28
427.6 267.85 562.04 229.9
622.46 263.36 895.76 125.35
463.77 262.86 603.45 217.99
534.56 258.13 691.04 198.34
444.02 256.25 579.16 215.92
527.2 253.72 682.63 195.16
649.34 250.27 825.99 176.82
798.73 248.56 1029.21 142.88
488.44 241.98 632.18 190.52
488.44 241.98 632.18 190.52
628.68 238.85 814.82 155.52
573.71 239.08 739.39 169.47
573.71 239.08 739.39 169.47
433.77 238.96 567.08 198.74
579.51 234.89 747.61 163.12
930.61 230.77 1149.54 126.94
1013.91 228.45 810.69 296.96
699.77 220.42 917.95 114.39
745.87 218.67 976.26 105.84
418.42 218.7 548.54 181.57
507.83 212.56 654.32 154.95
315.21 212.07 436.45 197.13
987.92 206.36 1188.33 100.42
692.57 205.8 905.2 99.67
649.87 203.56 842.7 108.9
486.94 202.42 627.94 148.54
703.06 199.17 937.87 75.68
683.86 192.59 891.42 84.79
352.8 192.54 469.83 173.09
193.25 190.22 326.02 189.66
237.27 187.67 364.66 181.41
349.34 172.22 466.7 152.8
861.15 165.16 1075.63 44.98
668.34 164.66 867.61 56.54
531.03 161.21 679.58 92.66
587.62 158.23 810.64 16.43
680.03 156.69 884.68 42.51
829.2 142.74 1041.21 17.79
826.07 142.04 1037.89 17.26
669.15 139.46 866.58 25.86
439.99 134.71 567.05 89.15
526.69 123.46 670.77 51.98
630.97 119.08 809.35 13.44
778.45 118.16 744.45 156.54
651.34 101.73 809.35 13.44
466.97 96.65 595.68 40.42
441.41 94.07 564.5 45.02
520.03 83.21 660.17 8.54
484.84 73.33 616.28 7.33
470.83 68.1 593.94 15.38
436.69 68.17 557.15 22.06
422.95 65.17 542.11 21.13
422.95 65.17 542.11 21.13
794.08 13.42 789.51 36.78
717.52 576.13 978.6 539.23
762.74 229.67 995.65 119.09
321.13 304.5 437.97 292.91
857.53 705.12 1175.75 697.03
886.09 657.62 1159.97 632.23
456.44 426.29 605.76 394.06
488.19 591.21 652.71 560.65
236.05 567.99 389.08 541.51
156.36 551.38 310.84 537.76
776.1 520.16 1047.04 469.63
408.46 438.75 550.84 413.16
72.87 422.04 235.65 420.36
484.21 593.06 652.71 560.65
225.95 516.55 367.77 500.77
736.55 506.11 997.83 457.37
736.19 454.49 990.5 390.91
533.93 344.62 702.85 286.49
85.7 690.27 287.46 664.55
123.62 431.22 273.5 430.17
580.23 313.37 752.85 251.96
657.64 302.46 863.2 222.83
532.34 288.92 691.02 228.18
684.01 160.24 892.13 46.03
472.36 574.06 632.71 544.24
765.14 480.2 1028.48 416.72
198.96 480.99 339.08 470.83
280.56 442.9 413.24 426.43
280.56 442.9 413.24 426.43
888.76 416.71 1129.15 346.59
466.76 401.22 620.84 359.5
466.76 401.22 620.84 359.5
585.63 339.87 762.27 280.23
782.02 272.8 1017.48 173.14
734.88 240.41 967.34 129.56
376.7 567.19 519.16 543.84
617.73 545.44 817.38 507.45
645.12 542.27 853.24 504.94
915.86 538.32 1172.77 489.8
546.08 538.45 723.86 502.86
175.55 443.77 316.51 436.4
757.13 436.83 1012.3 366.5
436.25 416.19 580.27 384.43
436.25 416.19 580.27 384.43
786.55 349.83 1028.41 261.98
645.14 336.29 840.82 267.2
303.86 335.78 431.24 320.77
738.13 281.06 976.5 179.13
721.99 274.3 957.04 170.71
219.98 266.11 349.62 262.08
734.37 239.92 967.34 129.56
268.05 610.36 420.87 586.84
209.06 599.22 364.27 578.82
191.98 594.05 342.44 572.58
154.01 589.08 310.65 569.01
915.9 576.16 1178.6 536.48
819.61 547.58 1085.3 500.45
795.19 544.51 1063.95 493.99
981.77 534.79 1233.9 485.65
981.77 534.79 1233.9 485.65
149.58 446.91 293.67 442.32
100.25 436.92 256.5 433.82
637.92 436.07 837.91 382.78
217.69 431.72 354.49 422.12
573.29 415.06 752.52 365.22
56.79 407.8 221.43 409.07
149.94 392.95 297.57 388.39
337.7 375.71 457.22 361.33
584.73 374.84 762.28 317.29
584.73 374.84 762.28 317.29
570.28 367.57 745.83 314.98
570.28 367.57 745.83 314.98
208.59 330.02 345.04 325.5
208.59 330.02 345.04 325.5
875.56 306.98 1105.97 214.41
822.68 274.16 1053.32 173.32
753.68 230.85 983.97 120.24
892.19 203.39 1109.12 91.08
745.64 173.96 969.65 51.45
563.11 159.09 720.76 81.23
576.45 139.6 734.99 56.9
870.1 619.9 1141.62 589.47
607.75 594.22 809.23 565.97
823.75 580.19 1093.25 542.07
231.77 576.16 383.49 552.89
841.81 574.43 1108.86 533.67
450.35 560.63 604.33 533.73
450.35 560.63 604.33 533.73
766.37 555.34 1038.2 507.58
249.53 554.16 385.93 536.52
970.14 541.47 1223.11 498.38
785.17 537.31 1053.73 488.65
969.85 529.8 1221.62 482.94
44.43 518.25 219.92 508.25
440.32 490.1 588.56 462.01
897.59 484.67 1150.48 426.82
897.59 484.67 1150.48 426.82
843.85 480.46 1100.71 420.38
289.86 473.88 421.26 454.68
824.95 453.81 1076.1 388.64
326.29 433.08 449.99 422.87
745.81 378.17 996.51 298.68
735.6 371.49 982.49 291.32
867.09 367.8 1103.01 289.75
179.38 327.52 321.22 322.39
864.75 286.76 1095.89 190.64
864.75 286.76 1095.89 190.64
440.29 277.28 575.13 238.6
1042.23 272.81 1261.34 174.1
849.76 264.74 1077.1 162.61
456.41 247.94 593.83 203.47
482.93 223.92 625.75 169.91
842.24 203.72 1061.21 90.18
253.16 167.63 378.1 160.6
833.13 147.83 1046.55 22.33
449.97 130.71 601.56 46.21
239.35 585.31 386.61 564.73
201.51 565.19 346.27 546.85
956.36 559.93 1212.94 519.82
605.62 553.71 804.67 519.5
901.19 540.85 1212.34 484.81
830.31 538.94 1094.46 490.5
908.58 536.52 1166.03 490.9
995.23 535.6 1246.18 489.44
81.26 518.37 246.04 507.09
477.05 481.11 632.46 448.44
172.23 467.96 314.32 460.84
972.53 457.74 1210.03 398.29
644.83 446.99 847.89 393.84
438.41 431.16 582.96 400.37
796.66 405.12 1049.24 332.64
922.16 393.92 1157.61 320.54
374.31 385.71 490.0 370.23
348.66 364.79 468.37 349.14
564.8 349.71 737.25 292.04
564.8 349.71 737.25 292.04
870.31 343.66 1105.87 258.05
179.81 327.64 321.22 322.39
925.67 324.68 1154.55 235.9
543.8 307.6 708.88 249.84
543.8 307.6 708.88 249.84
563.11 305.07 728.88 245.32
765.63 275.73 1000.23 174.54
357.87 252.09 475.9 233.05
479.37 240.89 618.62 193.88
995.75 217.83 1197.64 114.55
738.46 217.46 969.2 103.68
252.47 211.84 380.49 207.0
719.51 211.01 948.9 96.69
180.75 189.82 315.6 190.65
894.88 163.19 1108.46 42.06
833.1 147.08 1046.55 22.33
842.08 146.36 1057.9 22.99
449.43 131.48 601.56 46.21
429.38 74.45 549.37 28.19
312.31 765.71 543.51 759.37
754.18 712.24 1063.67 706.43
797.14 686.4 1099.03 670.28
497.04 686.51 701.32 667.73
680.17 663.33 968.83 642.54
866.99 635.0 1139.36 609.17
915.91 600.58 1180.38 565.2
962.96 596.17 1223.7 563.7
224.9 583.96 372.05 563.6
179.99 566.67 326.98 549.99
948.5 558.56 1203.52 517.4
468.78 492.27 621.91 461.4
478.34 490.18 636.67 457.28
723.07 480.83 970.73 423.98
563.62 480.76 743.51 441.0
563.62 480.76 743.51 441.0
915.17 473.52 1160.77 413.34
623.03 444.35 820.64 392.93
560.96 431.77 737.16 385.82
560.81 423.63 736.92 377.65
174.14 422.82 319.31 415.1
461.55 421.19 609.62 386.63
461.55 421.19 609.62 386.63
38.57 418.94 210.81 419.83
157.22 409.82 303.09 402.77
972.06 406.67 1205.69 335.96
969.74 389.59 1202.23 315.24
931.65 368.15 1164.84 289.29
946.5 339.53 1175.95 253.96
862.34 338.35 1095.89 252.66
1021.25 337.24 1235.38 256.84
300.42 333.62 427.45 318.27
687.08 332.38 905.77 254.65
924.91 324.14 1154.55 235.9
192.37 318.22 332.46 315.18
897.19 314.32 1127.91 225.44
544.16 307.51 708.88 249.84
544.16 307.51 708.88 249.84
1015.2 305.52 1226.21 219.31
473.09 304.06 615.5 260.81
556.21 300.92 721.45 241.96
796.21 299.92 1034.76 203.59
464.74 291.86 605.06 249.18
560.4 289.56 726.07 228.95
782.59 285.46 1017.11 186.16
671.46 285.77 883.15 197.78
1009.61 277.45 1217.95 183.14
442.49 270.52 602.75 207.34
946.98 264.63 1166.48 165.67
840.76 245.69 1067.15 141.65
802.45 230.95 1029.37 122.18
893.96 219.69 1112.97 111.06
557.46 211.17 716.45 139.16
891.94 198.41 1108.34 82.83
389.18 189.5 512.96 158.56
441.21 154.76 568.79 109.27
476.1 110.93 604.25 55.19
454.43 71.75 577.92 18.35
262.2 615.7 416.23 592.94
320.09 614.77 473.41 590.69
185.35 608.68 340.81 585.74
941.15 608.48 1205.57 576.9
262.2 608.17 415.14 583.51
252.63 608.34 407.92 584.72
229.69 606.01 380.66 584.57
206.33 579.92 353.28 559.58
457.94 560.59 613.58 535.49
446.91 557.1 601.0 529.65
908.14 547.82 1166.27 503.28
80.79 538.28 247.26 525.63
650.67 536.88 865.68 496.11
187.07 537.13 332.04 521.41
50.28 522.95 224.0 511.67
38.48 523.14 215.78 511.35
38.48 523.14 215.78 511.35
562.92 517.63 745.6 481.1
264.15 514.26 412.2 493.52
83.13 510.43 247.41 499.95
83.13 510.43 247.41 499.95
200.57 505.78 341.93 493.0
46.39 505.42 219.57 498.4
917.02 503.81 1170.26 451.27
461.99 489.8 614.55 459.17
451.87 490.24 601.14 461.14
47.59 490.74 219.98 481.28
201.65 488.4 341.95 476.99
746.68 477.48 1007.39 416.85
581.15 465.28 765.19 420.79
208.45 451.52 346.91 439.07
155.0 443.63 298.05 439.02
123.51 443.69 272.98 440.79
884.65 441.86 1129.98 374.83
208.97 438.63 345.87 427.23
576.96 433.67 757.87 385.03
32.56 416.29 206.21 416.95
461.53 411.27 609.07 376.69
461.53 411.27 609.07 376.69
481.6 404.31 634.52 366.9
484.9 397.64 637.99 358.4
484.9 397.64 637.99 358.4
884.16 394.41 1124.04 319.44
332.9 386.5 452.17 373.43
883.71 377.65 1121.28 298.28
775.29 364.37 1020.43 281.16
229.87 358.68 365.02 352.49
582.57 358.03 759.21 301.24
568.9 356.51 742.35 301.09
587.08 350.22 765.32 296.22
956.32 344.8 1184.71 259.59
570.33 338.19 743.85 279.91
436.19 336.46 574.11 300.52
831.42 324.16 1065.36 234.81
953.64 320.81 1180.24 233.66
891.59 316.08 1121.55 225.47
871.07 308.13 1102.08 216.3
465.42 305.07 607.52 261.46
1001.06 292.95 1210.16 203.0
800.54 292.35 1038.28 195.08
554.28 289.03 719.24 228.87
1011.24 286.2 1220.92 196.79
794.92 286.39 1031.3 187.2
898.56 277.08 1123.81 179.14
608.8 275.15 789.86 202.38
1023.1 264.6 1236.93 167.29
338.28 262.36 458.14 243.62
296.66 260.72 420.43 249.64
1006.0 259.97 1212.19 163.8
778.14 240.94 1007.76 133.1
567.24 233.69 731.59 163.52
257.91 234.41 384.09 227.59
487.39 223.0 629.81 170.27
911.02 209.2 1128.89 99.14
911.02 209.2 1128.89 99.14
489.31 205.65 630.48 151.46
190.09 197.14 323.58 195.65
395.14 192.23 519.45 160.53
771.61 184.53 995.56 65.59
332.39 182.02 449.93 165.07
748.67 176.13 973.38 54.5
767.87 165.1 988.74 39.52
715.51 163.74 938.74 39.97
341.5 162.97 457.55 144.25
436.03 160.0 561.56 120.23
971.05 153.15 1167.7 37.49
448.5 141.53 575.86 94.72
580.98 139.52 739.65 57.28
893.8 134.28 1103.27 6.24
432.34 131.54 580.37 52.07
436.05 97.63 558.11 52.64
484.11 80.95 615.87 17.55
392.42 751.24 625.25 743.45
478.39 731.15 712.79 721.34
496.26 689.68 700.87 670.84
705.33 674.94 999.59 657.42
719.93 642.84 1004.94 617.14
723.24 635.8 1007.67 610.78
17.77 626.09 215.1 599.22
191.49 622.44 353.07 599.46
195.24 617.86 354.34 594.63
261.7 616.44 416.23 592.94
320.05 615.37 473.41 590.69
261.5 607.51 415.14 583.51
229.51 606.37 380.66 584.57
163.62 605.98 323.11 583.98
192.4 599.67 346.8 578.7
80.3 597.39 254.75 576.72
10.49 596.88 201.18 575.67
323.76 593.36 461.65 571.28
326.94 588.48 462.89 566.46
386.2 571.84 533.29 548.16
603.07 570.71 801.66 537.33
307.92 559.36 444.05 539.34
307.92 559.36 444.05 539.34
56.68 556.4 230.82 541.69
449.84 552.35 812.94 497.81
336.18 551.81 463.51 532.07
198.43 536.76 342.53 520.71
613.46 536.29 812.94 497.81
993.42 528.28 1243.19 481.88
77.12 522.23 243.77 510.67
183.03 519.19 326.77 505.06
251.72 518.34 400.8 496.8
264.56 513.66 412.2 493.52
562.03 510.26 744.15 472.33
562.03 510.26 744.15 472.33
83.85 503.59 247.22 494.32
1029.35 496.46 1257.52 446.1
185.0 492.94 326.98 481.8
170.95 492.12 314.15 482.36
85.43 488.59 247.73 480.78
53.21 486.49 223.86 479.55
456.42 485.84 627.2 450.28
115.74 485.94 270.56 477.61
664.96 485.6 954.97 419.17
125.25 482.21 278.59 473.47
696.69 479.67 954.97 419.17
184.95 479.28 326.77 470.33
78.94 479.04 243.41 471.86
755.77 477.91 1020.29 415.71
166.27 476.33 309.91 467.94
86.24 474.24 247.84 467.98
91.6 474.22 252.86 468.84
580.89 465.33 765.19 420.79
750.32 464.87 1010.0 401.28
68.21 465.09 233.93 460.89
208.45 451.53 346.91 439.07
932.74 449.56 1175.17 389.84
389.14 448.77 529.1 426.74
880.83 448.69 1126.9 384.59
155.4 443.58 298.8 438.54
884.67 441.9 1129.98 374.83
94.15 432.74 251.5 430.46
456.02 430.37 604.12 396.65
430.46 429.36 575.04 398.11
173.25 429.02 318.79 419.72
96.1 428.51 253.64 427.37
428.97 424.17 573.09 393.68
1020.88 420.2 1241.67 355.06
477.34 411.06 630.58 371.57
433.87 405.02 574.86 374.64
482.89 389.79 635.31 350.37
482.18 382.63 634.37 343.1
300.81 382.19 429.98 366.28
563.1 377.15 735.86 323.62
653.16 360.29 726.12 337.71
866.37 351.71 1101.34 267.82
651.96 350.88 787.49 312.73
950.0 345.47 1179.32 261.71
420.78 341.42 558.38 308.9
994.9 339.13 1208.32 257.58
925.93 335.52 1156.03 250.55
1009.64 333.63 1087.73 298.15
867.75 327.54 1101.95 238.57
867.75 327.54 1101.95 238.57
822.95 325.4 1052.84 237.74
588.19 323.19 765.62 261.02
531.36 322.21 691.38 269.19
91.35 322.09 287.61 222.01
835.82 319.33 1070.42 229.02
1011.6 314.62 1221.74 228.29
671.88 307.49 879.8 227.66
948.14 304.97 1172.22 214.17
488.56 298.31 634.05 253.06
950.11 297.2 1172.14 204.97
950.11 297.2 1172.14 204.97
990.66 295.76 1200.55 208.11
685.78 289.31 900.34 201.53
685.78 289.31 900.34 201.53
804.71 289.21 1039.2 189.73
443.04 286.29 580.14 246.87
903.16 274.81 1128.72 177.47
455.16 266.33 591.21 224.79
345.31 255.81 463.0 239.18
810.91 243.06 1037.81 132.61
465.97 236.97 579.16 215.92
461.72 236.89 575.97 215.19
931.76 233.15 1149.54 126.94
838.13 232.22 1061.4 123.4
466.58 231.95 604.47 184.95
1009.6 230.41 815.81 294.94
902.99 224.49 1122.88 116.84
487.44 222.95 629.81 170.27
918.91 214.95 1135.7 103.92
446.86 203.57 579.11 160.46
196.79 194.35 329.58 192.72
720.01 191.61 948.89 72.3
460.66 187.99 592.44 141.53
348.57 182.14 464.19 162.67
234.27 177.94 362.02 173.34
269.97 175.86 392.48 166.75
773.71 172.65 995.75 52.04
867.95 171.17 1084.05 51.54
317.38 168.98 435.75 152.69
442.84 164.74 571.3 120.79
306.22 147.18 425.25 132.89
553.25 145.96 706.88 69.24
552.99 139.47 706.16 61.29
439.45 137.45 589.92 55.32
636.96 121.44 816.52 17.0
418.53 107.62 541.08 66.18
389.81 104.34 508.76 70.71
392.02 100.26 509.88 66.49
441.01 99.65 564.05 52.29
456.92 98.02 588.03 39.6
460.47 93.38 588.03 39.6
484.63 91.5 617.84 27.34
442.91 89.84 565.52 41.0
484.32 80.6 615.87 17.55
430.82 71.29 550.82 26.15
430.53 61.98 549.6 15.73
572.0 691.81 795.25 674.0
572.0 691.81 795.25 674.0
500.96 688.42 705.4 669.65
519.65 685.9 726.63 667.19
793.47 682.94 1091.74 665.97
853.66 634.61 1126.84 607.57
379.37 634.24 537.6 610.64
378.03 631.18 536.66 607.45
361.46 630.51 519.28 605.94
355.58 628.22 512.02 604.84
366.58 623.78 523.2 600.58
332.91 620.96 489.34 597.87
262.47 620.14 416.77 596.7
775.74 616.2 1053.72 584.52
186.63 613.72 345.14 590.52
35.8 613.59 222.83 590.58
181.23 612.0 337.31 587.94
168.13 608.53 326.73 586.38
773.98 606.86 1050.91 573.08
217.75 605.46 371.17 583.56
188.27 601.05 342.98 579.05
188.27 601.05 342.98 579.05
154.41 593.22 312.16 572.47
443.38 589.01 599.44 559.47
771.45 587.25 1047.25 548.81
757.54 586.56 1029.14 548.74
757.54 586.56 1029.14 548.74
311.63 586.3 449.08 564.71
754.87 583.41 1025.97 545.03
219.57 583.28 367.47 563.32
637.21 582.07 839.54 550.06
381.31 574.44 528.45 551.53
310.64 572.51 447.14 551.63
307.78 570.39 444.58 549.58
213.29 564.7 354.93 546.36
310.19 562.73 446.11 542.3
443.0 559.25 805.79 511.01
94.84 557.35 258.74 541.44
446.3 556.5 601.0 529.65
343.32 548.89 469.3 529.24
357.26 548.31 481.27 528.96
942.36 543.01 1195.07 499.06
611.09 540.02 810.61 501.81
611.09 540.02 810.61 501.81
236.59 535.76 374.35 519.01
760.83 534.67 1031.26 485.08
206.17 522.96 348.1 508.88
196.41 522.62 339.08 508.75
758.71 515.57 1027.7 461.67
515.3 513.81 633.79 490.78
511.57 511.51 611.1 492.9
260.61 510.06 409.75 489.64
552.02 503.75 731.21 465.69
562.58 499.31 743.23 460.94
440.46 496.49 616.42 459.54
464.98 486.59 590.98 464.08
888.89 485.38 1141.05 426.5
559.07 483.72 738.38 442.72
194.91 483.0 335.55 471.41
667.44 474.92 783.89 447.29
320.27 472.32 464.58 447.51
371.94 470.49 491.49 450.43
758.69 469.13 1022.97 405.66
102.34 468.85 260.86 462.71
339.4 467.59 462.32 451.1
365.35 466.09 472.01 449.95
105.37 466.15 262.95 460.23
336.46 463.99 459.76 448.22
582.78 460.32 766.96 415.04
64.43 458.57 230.6 454.07
749.08 458.2 1007.25 393.1
749.08 458.2 1007.25 393.1
592.2 455.81 777.31 409.64
606.51 447.04 790.69 400.21
612.87 445.59 804.21 396.33
644.4 438.11 845.75 384.72
258.0 435.84 393.02 422.88
258.0 435.84 393.02 422.88
1018.22 423.33 1238.86 359.81
477.84 416.48 631.3 378.87
156.34 405.55 301.24 398.47
477.32 401.89 630.03 362.99
479.78 394.26 631.87 355.57
476.03 385.67 627.24 347.36
477.79 381.73 629.31 341.46
592.56 375.66 771.38 319.81
922.07 374.48 1155.91 296.04
911.48 366.92 1143.04 288.16
588.78 367.22 827.84 282.17
562.03 364.79 733.79 310.87
553.33 365.05 724.01 316.05
371.52 362.06 491.34 343.87
917.7 361.28 1151.43 279.02
620.85 360.22 810.69 296.96
574.02 359.83 749.85 303.75
863.65 359.69 1098.89 280.98
914.67 359.0 1147.3 278.32
919.1 354.74 1152.48 272.62
578.01 350.33 753.1 294.27
649.6 347.71 785.34 309.75
657.03 345.4 859.28 274.63
610.36 343.78 794.31 282.02
595.38 344.06 774.04 283.98
573.34 342.63 748.03 285.39
599.49 342.2 835.51 250.71
854.08 340.21 1084.28 256.24
417.66 340.11 555.02 307.19
561.17 337.44 731.24 281.03
865.18 334.36 1099.04 248.09
865.18 334.36 1099.04 248.09
566.88 334.49 740.05 276.02
862.04 332.52 1094.76 245.5
417.01 331.95 554.07 299.22
685.05 327.29 902.07 246.77
658.88 321.32 857.29 248.53
467.78 319.37 612.58 277.3
469.48 310.16 611.78 269.72
1020.9 308.81 1232.92 222.53
790.24 308.96 1027.19 214.73
683.8 306.97 899.08 222.58
559.52 304.19 726.55 244.76
528.95 303.07 688.53 249.09
546.9 302.57 711.95 244.24
870.53 302.09 1100.56 209.87
789.9 301.55 1028.42 206.21
692.88 300.42 912.18 212.61
692.88 300.42 912.18 212.61
688.96 292.78 906.08 204.44
675.37 278.05 886.71 189.7
424.46 271.42 557.55 235.39
356.53 267.61 473.94 250.17
440.64 265.72 576.43 225.3
434.03 262.31 570.11 221.1
214.82 255.4 345.23 253.27
1040.9 252.4 1256.79 151.25
494.05 250.54 639.16 198.66
460.63 248.29 600.45 200.91
586.88 246.47 758.42 174.23
728.85 244.78 963.96 135.01
490.98 238.94 634.29 185.99
571.64 236.41 737.18 166.31
998.3 234.51 1202.25 134.3
846.82 230.07 1070.45 121.75
931.48 227.59 1149.26 120.47
160.66 224.26 300.68 226.28
422.92 223.79 552.64 186.58
927.05 223.55 1144.61 114.86
185.56 216.28 320.83 215.89
885.95 211.35 1101.2 100.61
487.77 211.14 629.57 156.88
721.88 207.04 951.35 91.24
900.59 206.63 1118.06 95.32
887.79 203.14 1103.72 90.05
896.42 201.85 1113.91 88.81
896.16 197.2 1113.42 82.22
888.5 192.66 1103.97 76.36
767.68 190.23 992.14 71.52
468.99 184.9 604.31 134.42
318.37 183.84 437.2 168.5
197.07 183.76 328.68 183.79
554.6 176.22 710.34 101.81
349.02 175.31 465.96 156.22
346.03 172.75 462.62 153.79
350.85 169.31 466.95 149.61
266.93 169.1 389.05 158.5
480.11 166.37 612.45 116.39
720.59 164.09 946.42 35.93
863.95 163.19 1077.79 40.15
321.03 161.28 438.91 145.58
674.88 156.42 876.85 44.22
422.04 156.34 547.32 115.16
674.93 149.98 876.08 36.64
558.18 147.01 713.57 68.71
521.98 143.14 666.77 75.28
540.71 142.59 692.06 67.21
833.88 138.56 1047.26 11.72
439.93 135.29 567.05 89.15
443.41 134.74 570.3 87.71
561.4 132.65 716.59 52.3
692.69 129.09 901.65 4.28
422.73 118.57 545.68 75.44
422.73 118.57 545.68 75.44
419.26 117.29 541.27 74.4
519.12 115.16 660.91 44.97
510.21 105.55 649.85 36.04
389.63 97.27 507.1 64.78
490.69 96.12 623.23 32.39
402.85 86.42 520.42 50.07
462.41 75.77 589.28 18.97
487.96 72.49 619.73 7.62
540.42 702.26 764.12 686.85
562.84 690.04 782.4 672.03
529.99 688.02 738.81 669.96
911.01 687.38 1254.42 677.13
540.05 687.42 752.49 669.19
431.57 686.96 626.2 667.56
515.91 681.54 719.39 661.84
422.55 678.89 696.03 668.92
437.39 674.87 624.63 654.63
500.16 674.57 703.93 654.56
511.97 673.46 714.33 652.78
442.7 670.41 629.62 649.8
514.16 668.26 716.44 647.46
635.36 666.07 895.9 644.29
773.54 661.91 1058.47 639.72
473.29 661.08 657.95 638.84
770.4 657.68 1053.42 635.27
770.74 648.17 1051.58 623.7
732.63 645.1 1019.27 619.33
765.23 638.55 1044.2 611.26
827.4 637.74 1103.75 611.36
830.02 634.56 1105.99 607.62
350.26 633.54 507.75 609.73
878.17 621.24 1148.22 592.02
768.97 618.32 1046.96 586.67
767.62 613.13 1046.12 580.71
834.45 607.39 1106.99 574.41
705.62 607.42 935.08 575.64
159.41 604.89 319.02 583.07
676.24 602.87 903.99 570.35
766.59 598.42 1042.92 563.09
746.31 595.45 1011.28 559.86
668.98 593.94 894.97 560.86
314.21 593.36 451.15 571.57
740.99 591.43 1002.61 555.12
152.26 590.23 310.09 569.49
745.23 588.51 1009.45 551.44
745.23 588.51 1009.45 551.44
738.49 588.81 998.17 551.77
760.71 588.25 1034.36 550.26
328.79 585.81 465.38 564.03
660.67 585.57 881.03 551.17
842.66 583.91 1110.91 546.63
842.66 583.91 1110.91 546.63
443.56 583.98 809.9 549.56
376.49 580.09 500.75 558.95
819.14 579.28 1088.57 540.27
830.75 573.11 1099.16 532.89
377.49 572.73 501.59 551.4
759.41 568.49 1031.83 526.23
845.61 566.37 1112.81 524.75
703.07 565.96 944.68 526.52
456.62 558.98 611.02 532.17
571.21 555.13 758.09 521.55
761.69 554.07 1034.51 508.49
757.3 554.05 1067.74 504.67
757.3 554.05 1028.5 508.68
101.6 553.93 263.63 538.77
350.57 548.89 476.46 529.13
790.45 548.46 1058.39 502.7
727.09 547.0 979.47 502.18
778.6 545.33 1049.19 498.17
818.69 540.39 1086.12 492.7
754.82 537.85 1022.26 489.04
791.67 537.64 1059.52 489.2
774.04 529.43 1044.12 478.49
679.99 528.95 906.99 484.38
657.18 527.4 1002.79 470.82
639.46 525.86 849.52 483.91
779.09 524.66 1047.59 473.11
720.24 519.76 967.58 470.36
508.52 517.77 628.6 494.57
481.72 517.24 611.1 492.9
61.96 513.09 230.99 503.32
257.05 508.35 406.59 487.76
674.61 503.52 899.94 455.24
435.16 499.49 583.96 470.87
386.34 498.6 528.23 478.28
636.0 494.58 843.1 448.25
282.24 494.66 418.08 477.33
282.24 494.66 418.08 477.33
741.92 493.33 999.98 436.43
741.92 493.33 999.98 436.43
698.76 490.92 932.23 438.38
594.62 489.84 783.89 447.29
599.8 488.89 783.89 447.29
599.8 488.89 783.89 447.29
697.72 486.78 930.28 433.43
614.31 485.88 783.89 447.29
600.65 486.15 791.49 442.56
629.99 485.35 946.51 411.55
623.91 483.96 783.89 447.29
628.0 483.01 778.24 448.35
619.04 482.26 758.19 450.81
730.26 480.84 821.01 456.59
652.76 478.01 783.89 447.29
655.06 474.47 841.27 430.03
662.1 473.33 955.42 402.1
677.21 473.05 778.24 448.35
127.9 472.55 280.45 464.9
698.69 471.47 961.38 407.89
718.29 467.4 961.38 407.89
723.47 466.42 966.33 406.66
816.59 463.26 1069.95 400.36
729.46 458.66 881.31 420.39
616.11 457.9 780.49 417.9
707.53 457.02 943.26 396.87
318.54 453.07 447.44 436.69
693.29 449.52 921.58 389.94
632.59 447.18 833.2 394.78
614.99 442.95 805.88 393.02
258.11 442.96 392.65 428.82
748.9 441.18 1005.91 373.04
658.33 437.31 867.55 381.01
659.18 434.3 867.49 377.29
446.77 433.89 592.86 401.54
453.29 433.59 602.56 399.97
441.79 432.93 612.44 388.57
587.02 432.19 769.75 384.01
682.56 430.82 903.69 369.92
694.83 427.72 923.42 363.59
463.76 426.25 587.07 404.42
463.76 426.25 587.07 404.42
463.57 423.2 586.57 401.21
678.56 422.71 887.08 363.47
478.29 422.66 631.82 385.28
708.08 415.44 940.57 347.84
452.86 413.92 600.74 378.97
692.17 409.0 917.26 342.43
428.5 408.34 571.45 376.59
734.44 405.73 982.42 331.73
385.03 402.43 520.86 376.54
865.35 400.72 1102.59 328.38
1014.03 399.46 1232.54 330.52
386.14 399.18 522.14 372.4
476.51 393.37 628.57 354.49
715.67 392.97 952.75 320.13
688.46 392.57 911.96 323.89
863.48 390.68 1100.34 316.82
967.54 385.81 1199.0 310.85
863.09 385.09 1098.83 309.96
740.95 385.15 990.77 305.85
743.47 383.02 993.82 302.71
711.22 370.58 942.85 293.64
688.89 370.31 910.82 296.84
309.1 368.42 439.05 351.29
736.12 368.02 981.2 286.24
860.45 366.26 1094.42 288.0
716.6 366.8 952.01 287.83
371.09 366.4 491.21 348.27
741.92 365.41 990.4 281.8
710.57 362.34 942.24 283.62
565.22 355.28 738.34 300.17
721.56 351.98 958.4 269.39
648.49 350.9 850.13 281.45
590.62 349.39 767.4 291.65
659.51 346.74 862.64 275.59
856.98 341.82 1088.27 258.27
858.01 337.22 1089.41 252.19
557.95 332.71 727.18 276.07
439.01 332.14 577.28 296.28
630.57 331.04 822.33 263.59
862.75 329.44 1096.62 241.06
452.35 325.56 570.56 305.79
621.9 323.63 810.84 255.21
623.38 320.5 813.3 251.79
459.95 315.82 577.28 296.28
546.45 312.11 710.9 255.53
478.34 309.96 622.78 266.6
663.32 308.21 864.37 231.03
687.49 306.51 904.78 221.65
681.33 298.85 895.42 213.71
791.94 298.56 1028.45 202.26
680.08 293.11 894.13 206.79
517.86 288.81 672.46 235.71
541.32 285.49 701.92 227.53
671.37 279.57 879.17 192.55
684.23 279.24 898.21 189.82
558.52 276.36 722.91 214.43
451.44 271.67 587.78 231.28
427.6 267.85 562.04 229.9
622.46 263.36 895.76 125.35
463.77 262.86 603.45 217.99
534.56 258.13 691.04 198.34
444.02 256.25 579.16 215.92
527.2 253.72 682.63 195.16
649.34 250.27 825.99 176.82
798.73 248.56 1029.21 142.88
488.44 241.98 632.18 190.52
488.44 241.98 632.18 190.52
628.68 238.85 814.82 155.52
573.71 239.08 739.39 169.47
573.71 239.08 739.39 169.47
433.77 238.96 567.08 198.74
579.51 234.89 747.61 163.12
930.61 230.77 1149.54 126.94
1013.91 228.45 810.69 296.96
699.77 220.42 917.95 114.39
745.87 218.67 976.26 105.84
418.42 218.7 548.54 181.57
507.83 212.56 654.32 154.95
315.21 212.07 436.45 197.13
987.92 206.36 1188.33 100.42
692.57 205.8 905.2 99.67
649.87 203.56 842.7 108.9
486.94 202.42 627.94 148.54
703.06 199.17 937.87 75.68
683.86 192.59 891.42 84.79
352.8 192.54 469.83 173.09
193.25 190.22 326.02 189.66
237.27 187.67 364.66 181.41
349.34 172.22 466.7 152.8
861.15 165.16 1075.63 44.98
668.34 164.66 867.61 56.54
531.03 161.21 679.58 92.66
587.62 158.23 810.64 16.43
680.03 156.69 884.68 42.51
829.2 142.74 1041.21 17.79
826.07 142.04 1037.89 17.26
669.15 139.46 866.58 25.86
439.99 134.71 567.05 89.15
526.69 123.46 670.77 51.98
630.97 119.08 809.35 13.44
778.45 118.16 744.45 156.54
651.34 101.73 809.35 13.44
466.97 96.65 595.68 40.42
441.41 94.07 564.5 45.02
520.03 83.21 660.17 8.54
484.84 73.33 616.28 7.33
470.83 68.1 593.94 15.38
436.69 68.17 557.15 22.06
422.95 65.17 542.11 21.13
422.95 65.17 542.11 21.13
794.08 13.42 789.51 36.78
717.52 576.13 978.6 539.23
762.74 229.67 995.65 119.09
321.13 304.5 437.97 292.91
857.53 705.12 1175.75 697.03
886.09 657.62 1159.97 632.23
456.44 426.29 605.76 394.06
488.19 591.21 652.71 560.65
236.05 567.99 389.08 541.51
156.36 551.38 310.84 537.76
776.1 520.16 1047.04 469.63
408.46 438.75 550.84 413.16
72.87 422.04 235.65 420.36
484.21 593.06 652.71 560.65
225.95 516.55 367.77 500.77
736.55 506.11 997.83 457.37
736.19 454.49 990.5 390.91
533.93 344.62 702.85 286.49
85.7 690.27 287.46 664.55
123.62 431.22 273.5 430.17
580.23 313.37 752.85 251.96
657.64 302.46 863.2 222.83
532.34 288.92 691.02 228.18
684.01 160.24 892.13 46.03
472.36 574.06 632.71 544.24
765.14 480.2 1028.48 416.72
198.96 480.99 339.08 470.83
280.56 442.9 413.24 426.43
280.56 442.9 413.24 426.43
888.76 416.71 1129.15 346.59
466.76 401.22 620.84 359.5
466.76 401.22 620.84 359.5
585.63 339.87 762.27 280.23
782.02 272.8 1017.48 173.14
734.88 240.41 967.34 129.56
376.7 567.19 519.16 543.84
617.73 545.44 817.38 507.45
645.12 542.27 853.24 504.94
915.86 538.32 1172.77 489.8
546.08 538.45 723.86 502.86
175.55 443.77 316.51 436.4
757.13 436.83 1012.3 366.5
436.25 416.19 580.27 384.43
436.25 416.19 580.27 384.43
786.55 349.83 1028.41 261.98
645.14 336.29 840.82 267.2
303.86 335.78 431.24 320.77
738.13 281.06 976.5 179.13
721.99 274.3 957.04 170.71
219.98 266.11 349.62 262.08
734.37 239.92 967.34 129.56
268.05 610.36 420.87 586.84
209.06 599.22 364.27 578.82
191.98 594.05 342.44 572.58
154.01 589.08 310.65 569.01
915.9 576.16 1178.6 536.48
819.61 547.58 1085.3 500.45
795.19 544.51 1063.95 493.99
981.77 534.79 1233.9 485.65
981.77 534.79 1233.9 485.65
149.58 446.91 293.67 442.32
100.25 436.92 256.5 433.82
637.92 436.07 837.91 382.78
217.69 431.72 354.49 422.12
573.29 415.06 752.52 365.22
56.79 407.8 221.43 409.07
149.94 392.95 297.57 388.39
337.7 375.71 457.22 361.33
584.73 374.84 762.28 317.29
584.73 374.84 762.28 317.29
570.28 367.57 745.83 314.98
570.28 367.57 745.83 314.98
208.59 330.02 345.04 325.5
208.59 330.02 345.04 325.5
875.56 306.98 1105.97 214.41
822.68 274.16 1053.32 173.32
753.68 230.85 983.97 120.24
892.19 203.39 1109.12 91.08
745.64 173.96 969.65 51.45
563.11 159.09 720.76 81.23
576.45 139.6 734.99 56.9
870.1 619.9 1141.62 589.47
607.75 594.22 809.23 565.97
823.75 580.19 1093.25 542.07
231.77 576.16 383.49 552.89
841.81 574.43 1108.86 533.67
450.35 560.63 604.33 533.73
450.35 560.63 604.33 533.73
766.37 555.34 1038.2 507.58
249.53 554.16 385.93 536.52
970.14 541.47 1223.11 498.38
785.17 537.31 1053.73 488.65
969.85 529.8 1221.62 482.94
44.43 518.25 219.92 508.25
440.32 490.1 588.56 462.01
897.59 484.67 1150.48 426.82
897.59 484.67 1150.48 426.82
843.85 480.46 1100.71 420.38
289.86 473.88 421.26 454.68
824.95 453.81 1076.1 388.64
326.29 433.08 449.99 422.87
745.81 378.17 996.51 298.68
735.6 371.49 982.49 291.32
867.09 367.8 1103.01 289.75
179.38 327.52 321.22 322.39
864.75 286.76 1095.89 190.64
864.75 286.76 1095.89 190.64
440.29 277.28 575.13 238.6
1042.23 272.81 1261.34 174.1
849.76 264.74 1077.1 162.61
456.41 247.94 593.83 203.47
482.93 223.92 625.75 169.91
842.24 203.72 1061.21 90.18
253.16 167.63 378.1 160.6
833.13 147.83 1046.55 22.33
449.97 130.71 601.56 46.21
239.35 585.31 386.61 564.73
201.51 565.19 346.27 546.85
956.36 559.93 1212.94 519.82
605.62 553.71 804.67 519.5
901.19 540.85 1212.34 484.81
830.31 538.94 1094.46 490.5
908.58 536.52 1166.03 490.9
995.23 535.6 1246.18 489.44
81.26 518.37 246.04 507.09
477.05 481.11 632.46 448.44
172.23 467.96 314.32 460.84
972.53 457.74 1210.03 398.29
644.83 446.99 847.89 393.84
438.41 431.16 582.96 400.37
796.66 405.12 1049.24 332.64
922.16 393.92 1157.61 320.54
374.31 385.71 490.0 370.23
348.66 364.79 468.37 349.14
564.8 349.71 737.25 292.04
564.8 349.71 737.25 292.04
870.31 343.66 1105.87 258.05
179.81 327.64 321.22 322.39
925.67 324.68 1154.55 235.9
543.8 307.6 708.88 249.84
543.8 307.6 708.88 249.84
563.11 305.07 728.88 245.32
765.63 275.73 1000.23 174.54
357.87 252.09 475.9 233.05
479.37 240.89 618.62 193.88
995.75 217.83 1197.64 114.55
738.46 217.46 969.2 103.68
252.47 211.84 380.49 207.0
719.51 211.01 948.9 96.69
180.75 189.82 315.6 190.65
894.88 163.19 1108.46 42.06
833.1 147.08 1046.55 22.33
842.08 146.36 1057.9 22.99
449.43 131.48 601.56 46.21
429.38 74.45 549.37 28.19
312.31 765.71 543.51 759.37
754.18 712.24 1063.67 706.43
797.14 686.4 1099.03 670.28
497.04 686.51 701.32 667.73
680.17 663.33 968.83 642.54
866.99 635.0 1139.36 609.17
915.91 600.58 1180.38 565.2
962.96 596.17 1223.7 563.7
224.9 583.96 372.05 563.6
179.99 566.67 326.98 549.99
948.5 558.56 1203.52 517.4
468.78 492.27 621.91 461.4
478.34 490.18 636.67 457.28
723.07 480.83 970.73 423.98
563.62 480.76 743.51 441.0
563.62 480.76 743.51 441.0
915.17 473.52 1160.77 413.34
623.03 444.35 820.64 392.93
560.96 431.77 737.16 385.82
560.81 423.63 736.92 377.65
174.14 422.82 319.31 415.1
461.55 421.19 609.62 386.63
461.55 421.19 609.62 386.63
38.57 418.94 210.81 419.83
157.22 409.82 303.09 402.77
972.06 406.67 1205.69 335.96
969.74 389.59 1202.23 315.24
931.65 368.15 1164.84 289.29
946.5 339.53 1175.95 253.96
862.34 338.35 1095.89 252.66
1021.25 337.24 1235.38 256.84
300.42 333.62 427.45 318.27
687.08 332.38 905.77 254.65
924.91 324.14 1154.55 235.9
192.37 318.22 332.46 315.18
897.19 314.32 1127.91 225.44
544.16 307.51 708.88 249.84
544.16 307.51 708.88 249.84
1015.2 305.52 1226.21 219.31
473.09 304.06 615.5 260.81
556.21 300.92 721.45 241.96
796.21 299.92 1034.76 203.59
464.74 291.86 605.06 249.18
560.4 289.56 726.07 228.95
782.59 285.46 1017.11 186.16
671.46 285.77 883.15 197.78
1009.61 277.45 1217.95 183.14
442.49 270.52 602.75 207.34
946.98 264.63 1166.48 165.67
840.76 245.69 1067.15 141.65
802.45 230.95 1029.37 122.18
893.96 219.69 1112.97 111.06
557.46 211.17 716.45 139.16
891.94 198.41 1108.34 82.83
389.18 189.5 512.96 158.56
441.21 154.76 568.79 109.27
476.1 110.93 604.25 55.19
454.43 71.75 577.92 18.35
262.2 615.7 416.23 592.94
320.09 614.77 473.41 590.69
185.35 608.68 340.81 585.74
941.15 608.48 1205.57 576.9
262.2 608.17 415.14 583.51
252.63 608.34 407.92 584.72
229.69 606.01 380.66 584.57
206.33 579.92 353.28 559.58
457.94 560.59 613.58 535.49
446.91 557.1 601.0 529.65
908.14 547.82 1166.27 503.28
80.79 538.28 247.26 525.63
650.67 536.88 865.68 496.11
187.07 537.13 332.04 521.41
50.28 522.95 224.0 511.67
38.48 523.14 215.78 511.35
38.48 523.14 215.78 511.35
562.92 517.63 745.6 481.1
264.15 514.26 412.2 493.52
83.13 510.43 247.41 499.95
83.13 510.43 247.41 499.95
200.57 505.78 341.93 493.0
46.39 505.42 219.57 498.4
917.02 503.81 1170.26 451.27
461.99 489.8 614.55 459.17
451.87 490.24 601.14 461.14
47.59 490.74 219.98 481.28
201.65 488.4 341.95 476.99
746.68 477.48 1007.39 416.85
581.15 465.28 765.19 420.79
208.45 451.52 346.91 439.07
155.0 443.63 298.05 439.02
123.51 443.69 272.98 440.79
884.65 441.86 1129.98 374.83
208.97 438.63 345.87 427.23
576.96 433.67 757.87 385.03
32.56 416.29 206.21 416.95
461.53 411.27 609.07 376.69
461.53 411.27 609.07 376.69
481.6 404.31 634.52 366.9
484.9 397.64 637.99 358.4
484.9 397.64 637.99 358.4
884.16 394.41 1124.04 319.44
332.9 386.5 452.17 373.43
883.71 377.65 1121.28 298.28
775.29 364.37 1020.43 281.16
229.87 358.68 365.02 352.49
582.57 358.03 759.21 301.24
568.9 356.51 742.35 301.09
587.08 350.22 765.32 296.22
956.32 344.8 1184.71 259.59
570.33 338.19 743.85 279.91
436.19 336.46 574.11 300.52
831.42 324.16 1065.36 234.81
953.64 320.81 1180.24 233.66
891.59 316.08 1121.55 225.47
871.07 308.13 1102.08 216.3
465.42 305.07 607.52 261.46
1001.06 292.95 1210.16 203.0
800.54 292.35 1038.28 195.08
554.28 289.03 719.24 228.87
1011.24 286.2 1220.92 196.79
794.92 286.39 1031.3 187.2
898.56 277.08 1123.81 179.14
608.8 275.15 789.86 202.38
1023.1 264.6 1236.93 167.29
338.28 262.36 458.14 243.62
296.66 260.72 420.43 249.64
1006.0 259.97 1212.19 163.8
778.14 240.94 1007.76 133.1
567.24 233.69 731.59 163.52
257.91 234.41 384.09 227.59
487.39 223.0 629.81 170.27
911.02 209.2 1128.89 99.14
911.02 209.2 1128.89 99.14
489.31 205.65 630.48 151.46
190.09 197.14 323.58 195.65
395.14 192.23 519.45 160.53
771.61 184.53 995.56 65.59
332.39 182.02 449.93 165.07
748.67 176.13 973.38 54.5
767.87 165.1 988.74 39.52
715.51 163.74 938.74 39.97
341.5 162.97 457.55 144.25
436.03 160.0 561.56 120.23
971.05 153.15 1167.7 37.49
448.5 141.53 575.86 94.72
580.98 139.52 739.65 57.28
893.8 134.28 1103.27 6.24
432.34 131.54 580.37 52.07
436.05 97.63 558.11 52.64
484.11 80.95 615.87 17.55
392.42 751.24 625.25 743.45
478.39 731.15 712.79 721.34
496.26 689.68 700.87 670.84
705.33 674.94 999.59 657.42
719.93 642.84 1004.94 617.14
723.24 635.8 1007.67 610.78
17.77 626.09 215.1 599.22
191.49 622.44 353.07 599.46
195.24 617.86 354.34 594.63
261.7 616.44 416.23 592.94
320.05 615.37 473.41 590.69
261.5 607.51 415.14 583.51
229.51 606.37 380.66 584.57
163.62 605.98 323.11 583.98
192.4 599.67 346.8 578.7
80.3 597.39 254.75 576.72
10.49 596.88 201.18 575.67
323.76 593.36 461.65 571.28
326.94 588.48 462.89 566.46
386.2 571.84 533.29 548.16
603.07 570.71 801.66 537.33
307.92 559.36 444.05 539.34
307.92 559.36 444.05 539.34
56.68 556.4 230.82 541.69
449.84 552.35 812.94 497.81
336.18 551.81 463.51 532.07
198.43 536.76 342.53 520.71
613.46 536.29 812.94 497.81
993.42 528.28 1243.19 481.88
77.12 522.23 243.77 510.67
183.03 519.19 326.77 505.06
251.72 518.34 400.8 496.8
264.56 513.66 412.2 493.52
562.03 510.26 744.15 472.33
562.03 510.26 744.15 472.33
83.85 503.59 247.22 494.32
1029.35 496.46 1257.52 446.1
185.0 492.94 326.98 481.8
170.95 492.12 314.15 482.36
85.43 488.59 247.73 480.78
53.21 486.49 223.86 479.55
456.42 485.84 627.2 450.28
115.74 485.94 270.56 477.61
664.96 485.6 954.97 419.17
125.25 482.21 278.59 473.47
696.69 479.67 954.97 419.17
184.95 479.28 326.77 470.33
78.94 479.04 243.41 471.86
755.77 477.91 1020.29 415.71
166.27 476.33 309.91 467.94
86.24 474.24 247.84 467.98
91.6 474.22 252.86 468.84
580.89 465.33 765.19 420.79
750.32 464.87 1010.0 401.28
68.21 465.09 233.93 460.89
208.45 451.53 346.91 439.07
932.74 449.56 1175.17 389.84
389.14 448.77 529.1 426.74
880.83 448.69 1126.9 384.59
155.4 443.58 298.8 438.54
884.67 441.9 1129.98 374.83
94.15 432.74 251.5 430.46
456.02 430.37 604.12 396.65
430.46 429.36 575.04 398.11
173.25 429.02 318.79 419.72
96.1 428.51 253.64 427.37
428.97 424.17 573.09 393.68
1020.88 420.2 1241.67 355.06
477.34 411.06 630.58 371.57
433.87 405.02 574.86 374.64
482.89 389.79 635.31 350.37
482.18 382.63 634.37 343.1
300.81 382.19 429.98 366.28
563.1 377.15 735.86 323.62
653.16 360.29 726.12 337.71
866.37 351.71 1101.34 267.82
651.96 350.88 787.49 312.73
950.0 345.47 1179.32 261.71
420.78 341.42 558.38 308.9
994.9 339.13 1208.32 257.58
925.93 335.52 1156.03 250.55
1009.64 333.63 1087.73 298.15
867.75 327.54 1101.95 238.57
867.75 327.54 1101.95 238.57
822.95 325.4 1052.84 237.74
588.19 323.19 765.62 261.02
531.36 322.21 691.38 269.19
91.35 322.09 287.61 222.01
835.82 319.33 1070.42 229.02
1011.6 314.62 1221.74 228.29
671.88 307.49 879.8 227.66
948.14 304.97 1172.22 214.17
488.56 298.31 634.05 253.06
950.11 297.2 1172.14 204.97
950.11 297.2 1172.14 204.97
990.66 295.76 1200.55 208.11
685.78 289.31 900.34 201.53
685.78 289.31 900.34 201.53
804.71 289.21 1039.2 189.73
443.04 286.29 580.14 246.87
903.16 274.81 1128.72 177.47
455.16 266.33 591.21 224.79
345.31 255.81 463.0 239.18
810.91 243.06 1037.81 132.61
465.97 236.97 579.16 215.92
461.72 236.89 575.97 215.19
931.76 233.15 1149.54 126.94
838.13 232.22 1061.4 123.4
466.58 231.95 604.47 184.95
1009.6 230.41 815.81 294.94
902.99 224.49 1122.88 116.84
487.44 222.95 629.81 170.27
918.91 214.95 1135.7 103.92
446.86 203.57 579.11 160.46
196.79 194.35 329.58 192.72
720.01 191.61 948.89 72.3
460.66 187.99 592.44 141.53
348.57 182.14 464.19 162.67
234.27 177.94 362.02 173.34
269.97 175.86 392.48 166.75
773.71 172.65 995.75 52.04
867.95 171.17 1084.05 51.54
317.38 168.98 435.75 152.69
442.84 164.74 571.3 120.79
306.22 147.18 425.25 132.89
553.25 145.96 706.88 69.24
552.99 139.47 706.16 61.29
439.45 137.45 589.92 55.32
636.96 121.44 816.52 17.0
418.53 107.62 541.08 66.18
389.81 104.34 508.76 70.71
392.02 100.26 509.88 66.49
441.01 99.65 564.05 52.29
456.92 98.02 588.03 39.6
460.47 93.38 588.03 39.6
484.63 91.5 617.84 27.34
442.91 89.84 565.52 41.0
484.32 80.6 615.87 17.55
430.82 71.29 550.82 26.15
430.53 61.98 549.6 15.73
572.0 691.81 795.25 674.0
572.0 691.81 795.25 674.0
500.96 688.42 705.4 669.65
519.65 685.9 726.63 667.19
793.47 682.94 1091.74 665.97
853.66 634.61 1126.84 607.57
379.37 634.24 537.6 610.64
378.03 631.18 536.66 607.45
361.46 630.51 519.28 605.94
355.58 628.22 512.02 604.84
366.58 623.78 523.2 600.58
332.91 620.96 489.34 597.87
262.47 620.14 416.77 596.7
775.74 616.2 1053.72 584.52
186.63 613.72 345.14 590.52
35.8 613.59 222.83 590.58
181.23 612.0 337.31 587.94
168.13 608.53 326.73 586.38
773.98 606.86 1050.91 573.08
217.75 605.46 371.17 583.56
188.27 601.05 342.98 579.05
188.27 601.05 342.98 579.05
154.41 593.22 312.16 572.47
443.38 589.01 599.44 559.47
771.45 587.25 1047.25 548.81
757.54 586.56 1029.14 548.74
757.54 586.56 1029.14 548.74
311.63 586.3 449.08 564.71
754.87 583.41 1025.97 545.03
219.57 583.28 367.47 563.32
637.21 582.07 839.54 550.06
381.31 574.44 528.45 551.53
310.64 572.51 447.14 551.63
307.78 570.39 444.58 549.58
213.29 564.7 354.93 546.36
310.19 562.73 446.11 542.3
443.0 559.25 805.79 511.01
94.84 557.35 258.74 541.44
446.3 556.5 601.0 529.65
343.32 548.89 469.3 529.24
357.26 548.31 481.27 528.96
942.36 543.01 1195.07 499.06
611.09 540.02 810.61 501.81
611.09 540.02 810.61 501.81
236.59 535.76 374.35 519.01
760.83 534.67 1031.26 485.08
206.17 522.96 348.1 508.88
196.41 522.62 339.08 508.75
758.71 515.57 1027.7 461.67
515.3 513.81 633.79 490.78
511.57 511.51 611.1 492.9
260.61 510.06 409.75 489.64
552.02 503.75 731.21 465.69
562.58 499.31 743.23 460.94
440.46 496.49 616.42 459.54
464.98 486.59 590.98 464.08
888.89 485.38 1141.05 426.5
559.07 483.72 738.38 442.72
194.91 483.0 335.55 471.41
667.44 474.92 783.89 447.29
320.27 472.32 464.58 447.51
371.94 470.49 491.49 450.43
758.69 469.13 1022.97 405.66
102.34 468.85 260.86 462.71
339.4 467.59 462.32 451.1
365.35 466.09 472.01 449.95
105.37 466.15 262.95 460.23
336.46 463.99 459.76 448.22
582.78 460.32 766.96 415.04
64.43 458.57 230.6 454.07
749.08 458.2 1007.25 393.1
749.08 458.2 1007.25 393.1
592.2 455.81 777.31 409.64
606.51 447.04 790.69 400.21
612.87 445.59 804.21 396.33
644.4 438.11 845.75 384.72
258.0 435.84 393.02 422.88
258.0 435.84 393.02 422.88
1018.22 423.33 1238.86 359.81
477.84 416.48 631.3 378.87
156.34 405.55 301.24 398.47
477.32 401.89 630.03 362.99
479.78 394.26 631.87 355.57
476.03 385.67 627.24 347.36
477.79 381.73 629.31 341.46
592.56 375.66 771.38 319.81
922.07 374.48 1155.91 296.04
911.48 366.92 1143.04 288.16
588.78 367.22 827.84 282.17
562.03 364.79 733.79 310.87
553.33 365.05 724.01 316.05
371.52 362.06 491.34 343.87
917.7 361.28 1151.43 279.02
620.85 360.22 810.69 296.96
574.02 359.83 749.85 303.75
863.65 359.69 1098.89 280.98
914.67 359.0 1147.3 278.32
919.1 354.74 1152.48 272.62
578.01 350.33 753.1 294.27
649.6 347.71 785.34 309.75
657.03 345.4 859.28 274.63
610.36 343.78 794.31 282.02
595.38 344.06 774.04 283.98
573.34 342.63 748.03 285.39
599.49 342.2 835.51 250.71
854.08 340.21 1084.28 256.24
417.66 340.11 555.02 307.19
561.17 337.44 731.24 281.03
865.18 334.36 1099.04 248.09
865.18 334.36 1099.04 248.09
566.88 334.49 740.05 276.02
862.04 332.52 1094.76 245.5
417.01 331.95 554.07 299.22
685.05 327.29 902.07 246.77
658.88 321.32 857.29 248.53
467.78 319.37 612.58 277.3
469.48 310.16 611.78 269.72
1020.9 308.81 1232.92 222.53
790.24 308.96 1027.19 214.73
683.8 306.97 899.08 222.58
559.52 304.19 726.55 244.76
528.95 303.07 688.53 249.09
546.9 302.57 711.95 244.24
870.53 302.09 1100.56 209.87
789.9 301.55 1028.42 206.21
692.88 300.42 912.18 212.61
692.88 300.42 912.18 212.61
688.96 292.78 906.08 204.44
675.37 278.05 886.71 189.7
424.46 271.42 557.55 235.39
356.53 267.61 473.94 250.17
440.64 265.72 576.43 225.3
434.03 262.31 570.11 221.1
214.82 255.4 345.23 253.27
1040.9 252.4 1256.79 151.25
494.05 250.54 639.16 198.66
460.63 248.29 600.45 200.91
586.88 246.47 758.42 174.23
728.85 244.78 963.96 135.01
490.98 238.94 634.29 185.99
571.64 236.41 737.18 166.31
998.3 234.51 1202.25 134.3
846.82 230.07 1070.45 121.75
931.48 227.59 1149.26 120.47
160.66 224.26 300.68 226.28
422.92 223.79 552.64 186.58
927.05 223.55 1144.61 114.86
185.56 216.28 320.83 215.89
885.95 211.35 1101.2 100.61
487.77 211.14 629.57 156.88
721.88 207.04 951.35 91.24
900.59 206.63 1118.06 95.32
887.79 203.14 1103.72 90.05
896.42 201.85 1113.91 88.81
896.16 197.2 1113.42 82.22
888.5 192.66 1103.97 76.36
767.68 190.23 992.14 71.52
468.99 184.9 604.31 134.42
318.37 183.84 437.2 168.5
197.07 183.76 328.68 183.79
554.6 176.22 710.34 101.81
349.02 175.31 465.96 156.22
346.03 172.75 462.62 153.79
350.85 169.31 466.95 149.61
266.93 169.1 389.05 158.5
480.11 166.37 612.45 116.39
720.59 164.09 946.42 35.93
863.95 163.19 1077.79 40.15
321.03 161.28 438.91 145.58
674.88 156.42 876.85 44.22
422.04 156.34 547.32 115.16
674.93 149.98 876.08 36.64
558.18 147.01 713.57 68.71
521.98 143.14 666.77 75.28
540.71 142.59 692.06 67.21
833.88 138.56 1047.26 11.72
439.93 135.29 567.05 89.15
443.41 134.74 570.3 87.71
561.4 132.65 716.59 52.3
692.69 129.09 901.65 4.28
422.73 118.57 545.68 75.44
422.73 118.57 545.68 75.44
419.26 117.29 541.27 74.4
519.12 115.16 660.91 44.97
510.21 105.55 649.85 36.04
389.63 97.27 507.1 64.78
490.69 96.12 623.23 32.39
402.85 86.42 520.42 50.07
462.41 75.77 589.28 18.97
487.96 72.49 619.73 7.62
540.42 702.26 764.12 686.85
562.84 690.04 782.4 672.03
529.99 688.02 738.81 669.96
911.01 687.38 1254.42 677.13
540.05 687.42 752.49 669.19
431.57 686.96 626.2 667.56
515.91 681.54 719.39 661.84
422.55 678.89 696.03 668.92
437.39 674.87 624.63 654.63
500.16 674.57 703.93 654.56
511.97 673.46 714.33 652.78
442.7 670.41 629.62 649.8
514.16 668.26 716.44 647.46
635.36 666.07 895.9 644.29
773.54 661.91 1058.47 639.72
473.29 661.08 657.95 638.84
770.4 657.68 1053.42 635.27
770.74 648.17 1051.58 623.7
732.63 645.1 1019.27 619.33
765.23 638.55 1044.2 611.26
827.4 637.74 1103.75 611.36
830.02 634.56 1105.99 607.62
350.26 633.54 507.75 609.73
878.17 621.24 1148.22 592.02
768.97 618.32 1046.96 586.67
767.62 613.13 1046.12 580.71
834.45 607.39 1106.99 574.41
705.62 607.42 935.08 575.64
159.41 604.89 319.02 583.07
676.24 602.87 903.99 570.35
766.59 598.42 1042.92 563.09
746.31 595.45 1011.28 559.86
668.98 593.94 894.97 560.86
314.21 593.36 451.15 571.57
740.99 591.43 1002.61 555.12
152.26 590.23 310.09 569.49
745.23 588.51 1009.45 551.44
745.23 588.51 1009.45 551.44
738.49 588.81 998.17 551.77
760.71 588.25 1034.36 550.26
328.79 585.81 465.38 564.03
660.67 585.57 881.03 551.17
842.66 583.91 1110.91 546.63
842.66 583.91 1110.91 546.63
443.56 583.98 809.9 549.56
376.49 580.09 500.75 558.95
819.14 579.28 1088.57 540.27
830.75 573.11 1099.16 532.89
377.49 572.73 501.59 551.4
759.41 568.49 1031.83 526.23
845.61 566.37 1112.81 524.75
703.07 565.96 944.68 526.52
456.62 558.98 611.02 532.17
571.21 555.13 758.09 521.55
761.69 554.07 1034.51 508.49
757.3 554.05 1067.74 504.67
757.3 554.05 1028.5 508.68
101.6 553.93 263.63 538.77
350.57 548.89 476.46 529.13
790.45 548.46 1058.39 502.7
727.09 547.0 979.47 502.18
778.6 545.33 1049.19 498.17
818.69 540.39 1086.12 492.7
754.82 537.85 1022.26 489.04
791.67 537.64 1059.52 489.2
774.04 529.43 1044.12 478.49
679.99 528.95 906.99 484.38
657.18 527.4 1002.79 470.82
639.46 525.86 849.52 483.91
779.09 524.66 1047.59 473.11
720.24 519.76 967.58 470.36
508.52 517.77 628.6 494.57
481.72 517.24 611.1 492.9
61.96 513.09 230.99 503.32
257.05 508.35 406.59 487.76
674.61 503.52 899.94 455.24
435.16 499.49 583.96 470.87
386.34 498.6 528.23 478.28
636.0 494.58 843.1 448.25
282.24 494.66 418.08 477.33
282.24 494.66 418.08 477.33
741.92 493.33 999.98 436.43
741.92 493.33 999.98 436.43
698.76 490.92 932.23 438.38
594.62 489.84 783.89 447.29
599.8 488.89 783.89 447.29
599.8 488.89 783.89 447.29
697.72 486.78 930.28 433.43
614.31 485.88 783.89 447.29
600.65 486.15 791.49 442.56
629.99 485.35 946.51 411.55
623.91 483.96 783.89 447.29
628.0 483.01 778.24 448.35
619.04 482.26 758.19 450.81
730.26 480.84 821.01 456.59
652.76 478.01 783.89 447.29
655.06 474.47 841.27 430.03
662.1 473.33 955.42 402.1
677.21 473.05 778.24 448.35
127.9 472.55 280.45 464.9
698.69 471.47 961.38 407.89
718.29 467.4 961.38 407.89
723.47 466.42 966.33 406.66
816.59 463.26 1069.95 400.36
729.46 458.66 881.31 420.39
616.11 457.9 780.49 417.9
707.53 457.02 943.26 396.87
318.54 453.07 447.44 436.69
693.29 449.52 921.58 389.94
632.59 447.18 833.2 394.78
614.99 442.95 805.88 393.02
258.11 442.96 392.65 428.82
748.9 441.18 1005.91 373.04
658.33 437.31 867.55 381.01
659.18 434.3 867.49 377.29
446.77 433.89 592.86 401.54
453.29 433.59 602.56 399.97
441.79 432.93 612.44 388.57
587.02 432.19 769.75 384.01
682.56 430.82 903.69 369.92
694.83 427.72 923.42 363.59
463.76 426.25 587.07 404.42
463.76 426.25 587.07 404.42
463.57 423.2 586.57 401.21
678.56 422.71 887.08 363.47
478.29 422.66 631.82 385.28
708.08 415.44 940.57 347.84
452.86 413.92 600.74 378.97
692.17 409.0 917.26 342.43
428.5 408.34 571.45 376.59
734.44 405.73 982.42 331.73
385.03 402.43 520.86 376.54
865.35 400.72 1102.59 328.38
1014.03 399.46 1232.54 330.52
386.14 399.18 522.14 372.4
476.51 393.37 628.57 354.49
715.67 392.97 952.75 320.13
688.46 392.57 911.96 323.89
863.48 390.68 1100.34 316.82
967.54 385.81 1199.0 310.85
863.09 385.09 1098.83 309.96
740.95 385.15 990.77 305.85
743.47 383.02 993.82 302.71
711.22 370.58 942.85 293.64
688.89 370.31 910.82 296.84
309.1 368.42 439.05 351.29
736.12 368.02 981.2 286.24
860.45 366.26 1094.42 288.0
716.6 366.8 952.01 287.83
371.09 366.4 491.21 348.27
741.92 365.41 990.4 281.8
710.57 362.34 942.24 283.62
565.22 355.28 738.34 300.17
721.56 351.98 958.4 269.39
648.49 350.9 850.13 281.45
590.62 349.39 767.4 291.65
659.51 346.74 862.64 275.59
856.98 341.82 1088.27 258.27
858.01 337.22 1089.41 252.19
557.95 332.71 727.18 276.07
439.01 332.14 577.28 296.28
630.57 331.04 822.33 263.59
862.75 329.44 1096.62 241.06
452.35 325.56 570.56 305.79
621.9 323.63 810.84 255.21
623.38 320.5 813.3 251.79
459.95 315.82 577.28 296.28
546.45 312.11 710.9 255.53
478.34 309.96 622.78 266.6
663.32 308.21 864.37 231.03
687.49 306.51 904.78 221.65
681.33 298.85 895.42 213.71
791.94 298.56 1028.45 202.26
680.08 293.11 894.13 206.79
517.86 288.81 672.46 235.71
541.32 285.49 701.92 227.53
671.37 279.57 879.17 192.55
684.23 279.24 898.21 189.82
558.52 276.36 722.91 214.43
451.44 271.67 587.78 231.28
427.6 267.85 562.04 229.9
622.46 263.36 895.76 125.35
463.77 262.86 603.45 217.99
534.56 258.13 691.04 198.34
444.02 256.25 579.16 215.92
527.2 253.72 682.63 195.16
649.34 250.27 825.99 176.82
798.73 248.56 1029.21 142.88
488.44 241.98 632.18 190.52
488.44 241.98 632.18 190.52
628.68 238.85 814.82 155.52
573.71 239.08 739.39 169.47
573.71 239.08 739.39 169.47
433.77 238.96 567.08 198.74
579.51 234.89 747.61 163.12
930.61 230.77 1149.54 126.94
1013.91 228.45 810.69 296.96
699.77 220.42 917.95 114.39
745.87 218.67 976.26 105.84
418.42 218.7 548.54 181.57
507.83 212.56 654.32 154.95
315.21 212.07 436.45 197.13
987.92 206.36 1188.33 100.42
692.57 205.8 905.2 99.67
649.87 203.56 842.7 108.9
486.94 202.42 627.94 148.54
703.06 199.17 937.87 75.68
683.86 192.59 891.42 84.79
352.8 192.54 469.83 173.09
193.25 190.22 326.02 189.66
237.27 187.67 364.66 181.41
349.34 172.22 466.7 152.8
861.15 165.16 1075.63 44.98
668.34 164.66 867.61 56.54
531.03 161.21 679.58 92.66
587.62 158.23 810.64 16.43
680.03 156.69 884.68 42.51
829.2 142.74 1041.21 17.79
826.07 142.04 1037.89 17.26
669.15 139.46 866.58 25.86
439.99 134.71 567.05 89.15
526.69 123.46 670.77 51.98
630.97 119.08 809.35 13.44
778.45 118.16 744.45 156.54
651.34 101.73 809.35 13.44
466.97 96.65 595.68 40.42
441.41 94.07 564.5 45.02
520.03 83.21 660.17 8.54
484.84 73.33 616.28 7.33
470.83 68.1 593.94 15.38
436.69 68.17 557.15 22.06
422.95 65.17 542.11 21.13
422.95 65.17 542.11 21.13
794.08 13.42 789.51 36.78
